0.4205 0.9725 0.0005 0.0005
0.4205 0.9755 0.0005 0.0005
0.4205 0.9785 0.0005 0.0005
0.4205 0.9795 0.0005 0.0005
0.4205 0.9805 0.0005 0.0005
0.4205 0.9865 0.0005 0.0005
0.4205 0.9895 0.0005 0.0005
0.4205 0.9925 0.0005 0.0005
0.4205 0.9965 0.0005 0.0005
0.4205 0.9995 0.0005 0.0005
0.4215 0.9385 0.0005 0.0005
0.4215 0.9445 0.0005 0.0005
0.4215 0.9485 0.0005 0.0005
0.4215 0.9605 0.0005 0.0005
0.4215 0.9765 0.0005 0.0005
0.4215 0.9785 0.0005 0.0005
0.4215 0.9805 0.0005 0.0005
0.4215 0.9835 0.0005 0.0005
0.4215 0.9885 0.0005 0.0005
0.4215 0.9905 0.0005 0.0005
0.4215 0.9915 0.0005 0.0005
0.4215 0.9955 0.0005 0.0005
0.4215 0.9965 0.0005 0.0005
0.4215 0.9975 0.0005 0.0005
0.4225 0.9365 0.0005 0.0005
0.4225 0.9425 0.0005 0.0005
0.4225 0.9485 0.0005 0.0005
0.4225 0.9535 0.0005 0.0005
0.4225 0.9545 0.0005 0.0005
0.4225 0.9615 0.0005 0.0005
0.4225 0.9635 0.0005 0.0005
0.4225 0.9645 0.0005 0.0005
0.4225 0.9675 0.0005 0.0005
0.4225 0.9685 0.0005 0.0005
0.4225 0.9695 0.0005 0.0005
0.4225 0.9705 0.0005 0.0005
0.4225 0.9725 0.0005 0.0005
0.4225 0.9775 0.0005 0.0005
0.4225 0.9795 0.0005 0.0005
0.4225 0.9825 0.0005 0.0005
0.4225 0.9845 0.0005 0.0005
0.4225 0.9875 0.0005 0.0005
0.4225 0.9885 0.0005 0.0005
0.4225 0.9895 0.0005 0.0005
0.4225 0.9905 0.0005 0.0005
0.4225 0.9915 0.0005 0.0005
0.4225 0.9965 0.0005 0.0005
0.4225 0.9975 0.0005 0.0005
0.4225 0.9985 0.0005 0.0005
0.4235 0.9335 0.0005 0.0005
0.4235 0.9405 0.0005 0.0005
0.4235 0.9415 0.0005 0.0005
0.4235 0.9455 0.0005 0.0005
0.4235 0.9475 0.0005 0.0005
0.4235 0.9525 0.0005 0.0005
0.4235 0.9535 0.0005 0.0005
0.4235 0.9545 0.0005 0.0005
0.4235 0.9585 0.0005 0.0005
0.4235 0.9595 0.0005 0.0005
0.4235 0.9605 0.0005 0.0005
0.4235 0.9625 0.0005 0.0005
0.4235 0.9635 0.0005 0.0005
0.4235 0.9645 0.0005 0.0005
0.4235 0.9665 0.0005 0.0005
0.4235 0.9685 0.0005 0.0005
0.4235 0.9735 0.0005 0.0005
0.4235 0.9745 0.0005 0.0005
0.4235 0.9755 0.0005 0.0005
0.4235 0.9765 0.0005 0.0005
0.4235 0.9775 0.0005 0.0005
0.4235 0.9785 0.0005 0.0005
0.4235 0.9795 0.0005 0.0005
0.4235 0.9825 0.0005 0.0005
0.4235 0.9855 0.0005 0.0005
0.4235 0.9865 0.0005 0.0005
0.4235 0.9885 0.0005 0.0005
0.4235 0.9895 0.0005 0.0005
0.4235 0.9905 0.0005 0.0005
0.4235 0.9915 0.0005 0.0005
0.4235 0.9925 0.0005 0.0005
0.4235 0.9935 0.0005 0.0005
0.4235 0.9945 0.0005 0.0005
0.4235 0.9965 0.0005 0.0005
0.4235 0.9975 0.0005 0.0005
0.4235 0.9985 0.0005 0.0005
0.4235 0.9995 0.0005 0.0005
0.4245 0.9445 0.0005 0.0005
0.4245 0.9515 0.0005 0.0005
0.4245 0.9545 0.0005 0.0005
0.4245 0.9555 0.0005 0.0005
0.4245 0.9565 0.0005 0.0005
0.4245 0.9575 0.0005 0.0005
0.4245 0.9585 0.0005 0.0005
0.4245 0.9595 0.0005 0.0005
0.4245 0.9605 0.0005 0.0005
0.4245 0.9655 0.0005 0.0005
0.4245 0.9665 0.0005 0.0005
0.4245 0.9675 0.0005 0.0005
0.4245 0.9685 0.0005 0.0005
0.4245 0.9695 0.0005 0.0005
0.4245 0.9705 0.0005 0.0005
0.4245 0.9725 0.0005 0.0005
0.4245 0.9735 0.0005 0.0005
0.4245 0.9745 0.0005 0.0005
0.4245 0.9755 0.0005 0.0005
0.4245 0.9765 0.0005 0.0005
0.4245 0.9775 0.0005 0.0005
0.4245 0.9785 0.0005 0.0005
0.4245 0.9805 0.0005 0.0005
0.4245 0.9815 0.0005 0.0005
0.4245 0.9825 0.0005 0.0005
0.4245 0.9855 0.0005 0.0005
0.4245 0.9895 0.0005 0.0005
0.4245 0.9905 0.0005 0.0005
0.4245 0.9915 0.0005 0.0005
0.4245 0.9925 0.0005 0.0005
0.4245 0.9935 0.0005 0.0005
0.4245 0.9945 0.0005 0.0005
0.4245 0.9955 0.0005 0.0005
0.4245 0.9965 0.0005 0.0005
0.4245 0.9975 0.0005 0.0005
0.4245 0.9985 0.0005 0.0005
0.4245 0.9995 0.0005 0.0005
0.4255 0.9375 0.0005 0.0005
0.4255 0.9425 0.0005 0.0005
0.4255 0.9495 0.0005 0.0005
0.4255 0.9505 0.0005 0.0005
0.4255 0.9515 0.0005 0.0005
0.4255 0.9565 0.0005 0.0005
0.4255 0.9585 0.0005 0.0005
0.4255 0.9595 0.0005 0.0005
0.4255 0.9625 0.0005 0.0005
0.4255 0.9635 0.0005 0.0005
0.4255 0.9665 0.0005 0.0005
0.4255 0.9685 0.0005 0.0005
0.4255 0.9695 0.0005 0.0005
0.4255 0.9705 0.0005 0.0005
0.4255 0.9715 0.0005 0.0005
0.4255 0.9725 0.0005 0.0005
0.4255 0.9735 0.0005 0.0005
0.4255 0.9755 0.0005 0.0005
0.4255 0.9765 0.0005 0.0005
0.4255 0.9775 0.0005 0.0005
0.4255 0.9785 0.0005 0.0005
0.4255 0.9795 0.0005 0.0005
0.4255 0.9805 0.0005 0.0005
0.4255 0.9815 0.0005 0.0005
0.4255 0.9825 0.0005 0.0005
0.4255 0.9835 0.0005 0.0005
0.4255 0.9845 0.0005 0.0005
0.4255 0.9855 0.0005 0.0005
0.4255 0.9865 0.0005 0.0005
0.4255 0.9875 0.0005 0.0005
0.4255 0.9885 0.0005 0.0005
0.4255 0.9895 0.0005 0.0005
0.4255 0.9905 0.0005 0.0005
0.4255 0.9915 0.0005 0.0005
0.4255 0.9935 0.0005 0.0005
0.4255 0.9945 0.0005 0.0005
0.4255 0.9955 0.0005 0.0005
0.4255 0.9965 0.0005 0.0005
0.4255 0.9975 0.0005 0.0005
0.4255 0.9985 0.0005 0.0005
0.4265 0.9085 0.0005 0.0005
0.4265 0.9425 0.0005 0.0005
0.4265 0.9435 0.0005 0.0005
0.4265 0.9455 0.0005 0.0005
0.4265 0.9465 0.0005 0.0005
0.4265 0.9495 0.0005 0.0005
0.4265 0.9505 0.0005 0.0005
0.4265 0.9575 0.0005 0.0005
0.4265 0.9585 0.0005 0.0005
0.4265 0.9595 0.0005 0.0005
0.4265 0.9605 0.0005 0.0005
0.4265 0.9655 0.0005 0.0005
0.4265 0.9665 0.0005 0.0005
0.4265 0.9675 0.0005 0.0005
0.4265 0.9685 0.0005 0.0005
0.4265 0.9695 0.0005 0.0005
0.4265 0.9705 0.0005 0.0005
0.4265 0.9715 0.0005 0.0005
0.4265 0.9725 0.0005 0.0005
0.4265 0.9735 0.0005 0.0005
0.4265 0.9745 0.0005 0.0005
0.4265 0.9755 0.0005 0.0005
0.4265 0.9765 0.0005 0.0005
0.4265 0.9775 0.0005 0.0005
0.4265 0.9785 0.0005 0.0005
0.4265 0.9795 0.0005 0.0005
0.4265 0.9805 0.0005 0.0005
0.4265 0.9815 0.0005 0.0005
0.4265 0.9835 0.0005 0.0005
0.4265 0.9845 0.0005 0.0005
0.4265 0.9855 0.0005 0.0005
0.4265 0.9865 0.0005 0.0005
0.4265 0.9875 0.0005 0.0005
0.4265 0.9885 0.0005 0.0005
0.4265 0.9895 0.0005 0.0005
0.4265 0.9905 0.0005 0.0005
0.4265 0.9915 0.0005 0.0005
0.4265 0.9925 0.0005 0.0005
0.4265 0.9935 0.0005 0.0005
0.4265 0.9955 0.0005 0.0005
0.4265 0.9965 0.0005 0.0005
0.4265 0.9975 0.0005 0.0005
0.4265 0.9985 0.0005 0.0005
0.4265 0.9995 0.0005 0.0005
0.4275 0.9225 0.0005 0.0005
0.4275 0.9245 0.0005 0.0005
0.4275 0.9335 0.0005 0.0005
0.4275 0.9495 0.0005 0.0005
0.4275 0.9515 0.0005 0.0005
0.4275 0.9525 0.0005 0.0005
0.4275 0.9535 0.0005 0.0005
0.4275 0.9545 0.0005 0.0005
0.4275 0.9555 0.0005 0.0005
0.4275 0.9565 0.0005 0.0005
0.4275 0.9575 0.0005 0.0005
0.4275 0.9605 0.0005 0.0005
0.4275 0.9665 0.0005 0.0005
0.4275 0.9695 0.0005 0.0005
0.4275 0.9715 0.0005 0.0005
0.4275 0.9725 0.0005 0.0005
0.4275 0.9735 0.0005 0.0005
0.4275 0.9745 0.0005 0.0005
0.4275 0.9755 0.0005 0.0005
0.4275 0.9765 0.0005 0.0005
0.4275 0.9775 0.0005 0.0005
0.4275 0.9785 0.0005 0.0005
0.4275 0.9795 0.0005 0.0005
0.4275 0.9805 0.0005 0.0005
0.4275 0.9815 0.0005 0.0005
0.4275 0.9825 0.0005 0.0005
0.4275 0.9835 0.0005 0.0005
0.4275 0.9855 0.0005 0.0005
0.4275 0.9865 0.0005 0.0005
0.4275 0.9875 0.0005 0.0005
0.4275 0.9885 0.0005 0.0005
0.4275 0.9895 0.0005 0.0005
0.4275 0.9905 0.0005 0.0005
0.4275 0.9915 0.0005 0.0005
0.4275 0.9925 0.0005 0.0005
0.4275 0.9935 0.0005 0.0005
0.4275 0.9945 0.0005 0.0005
0.4275 0.9955 0.0005 0.0005
0.4275 0.9965 0.0005 0.0005
0.4275 0.9975 0.0005 0.0005
0.4275 0.9985 0.0005 0.0005
0.4275 0.9995 0.0005 0.0005
0.4285 0.9305 0.0005 0.0005
0.4285 0.9345 0.0005 0.0005
0.4285 0.9365 0.0005 0.0005
0.4285 0.9575 0.0005 0.0005
0.4285 0.9605 0.0005 0.0005
0.4285 0.9615 0.0005 0.0005
0.4285 0.9635 0.0005 0.0005
0.4285 0.9645 0.0005 0.0005
0.4285 0.9655 0.0005 0.0005
0.4285 0.9665 0.0005 0.0005
0.4285 0.9685 0.0005 0.0005
0.4285 0.9695 0.0005 0.0005
0.4285 0.9755 0.0005 0.0005
0.4285 0.9765 0.0005 0.0005
0.4285 0.9775 0.0005 0.0005
0.4285 0.9785 0.0005 0.0005
0.4285 0.9795 0.0005 0.0005
0.4285 0.9805 0.0005 0.0005
0.4285 0.9825 0.0005 0.0005
0.4285 0.9835 0.0005 0.0005
0.4285 0.9845 0.0005 0.0005
0.4285 0.9855 0.0005 0.0005
0.4285 0.9865 0.0005 0.0005
0.4285 0.9875 0.0005 0.0005
0.4285 0.9885 0.0005 0.0005
0.4285 0.9895 0.0005 0.0005
0.4285 0.9905 0.0005 0.0005
0.4285 0.9915 0.0005 0.0005
0.4285 0.9925 0.0005 0.0005
0.4285 0.9935 0.0005 0.0005
0.4285 0.9945 0.0005 0.0005
0.4285 0.9955 0.0005 0.0005
0.4285 0.9965 0.0005 0.0005
0.4285 0.9975 0.0005 0.0005
0.4285 0.9985 0.0005 0.0005
0.4285 0.9995 0.0005 0.0005
0.4295 0.9295 0.0005 0.0005
0.4295 0.9335 0.0005 0.0005
0.4295 0.9405 0.0005 0.0005
0.4295 0.9425 0.0005 0.0005
0.4295 0.9445 0.0005 0.0005
0.4295 0.9455 0.0005 0.0005
0.4295 0.9465 0.0005 0.0005
0.4295 0.9485 0.0005 0.0005
0.4295 0.9495 0.0005 0.0005
0.4295 0.9675 0.0005 0.0005
0.4295 0.9685 0.0005 0.0005
0.4295 0.9695 0.0005 0.0005
0.4295 0.9705 0.0005 0.0005
0.4295 0.9725 0.0005 0.0005
0.4295 0.9735 0.0005 0.0005
0.4295 0.9745 0.0005 0.0005
0.4295 0.9755 0.0005 0.0005
0.4295 0.9775 0.0005 0.0005
0.4295 0.9785 0.0005 0.0005
0.4295 0.9795 0.0005 0.0005
0.4295 0.9805 0.0005 0.0005
0.4295 0.9815 0.0005 0.0005
0.4295 0.9825 0.0005 0.0005
0.4295 0.9835 0.0005 0.0005
0.4295 0.9845 0.0005 0.0005
0.4295 0.9855 0.0005 0.0005
0.4295 0.9865 0.0005 0.0005
0.4295 0.9875 0.0005 0.0005
0.4295 0.9885 0.0005 0.0005
0.4295 0.9895 0.0005 0.0005
0.4295 0.9905 0.0005 0.0005
0.4295 0.9915 0.0005 0.0005
0.4295 0.9925 0.0005 0.0005
0.4295 0.9935 0.0005 0.0005
0.4295 0.9945 0.0005 0.0005
0.4295 0.9955 0.0005 0.0005
0.4295 0.9965 0.0005 0.0005
0.4295 0.9975 0.0005 0.0005
0.4295 0.9985 0.0005 0.0005
0.4295 0.9995 0.0005 0.0005
0.4305 0.9395 0.0005 0.0005
0.4305 0.9405 0.0005 0.0005
0.4305 0.9415 0.0005 0.0005
0.4305 0.9425 0.0005 0.0005
0.4305 0.9435 0.0005 0.0005
0.4305 0.9455 0.0005 0.0005
0.4305 0.9465 0.0005 0.0005
0.4305 0.9475 0.0005 0.0005
0.4305 0.9485 0.0005 0.0005
0.4305 0.9495 0.0005 0.0005
0.4305 0.9505 0.0005 0.0005
0.4305 0.9515 0.0005 0.0005
0.4305 0.9525 0.0005 0.0005
0.4305 0.9535 0.0005 0.0005
0.4305 0.9545 0.0005 0.0005
0.4305 0.9555 0.0005 0.0005
0.4305 0.9595 0.0005 0.0005
0.4305 0.9605 0.0005 0.0005
0.4305 0.9655 0.0005 0.0005
0.4305 0.9735 0.0005 0.0005
0.4305 0.9745 0.0005 0.0005
0.4305 0.9755 0.0005 0.0005
0.4305 0.9765 0.0005 0.0005
0.4305 0.9775 0.0005 0.0005
0.4305 0.9785 0.0005 0.0005
0.4305 0.9795 0.0005 0.0005
0.4305 0.9805 0.0005 0.0005
0.4305 0.9815 0.0005 0.0005
0.4305 0.9835 0.0005 0.0005
0.4305 0.9845 0.0005 0.0005
0.4305 0.9855 0.0005 0.0005
0.4305 0.9865 0.0005 0.0005
0.4305 0.9875 0.0005 0.0005
0.4305 0.9885 0.0005 0.0005
0.4305 0.9895 0.0005 0.0005
0.4305 0.9905 0.0005 0.0005
0.4305 0.9915 0.0005 0.0005
0.4305 0.9925 0.0005 0.0005
0.4305 0.9935 0.0005 0.0005
0.4305 0.9945 0.0005 0.0005
0.4305 0.9955 0.0005 0.0005
0.4305 0.9965 0.0005 0.0005
0.4305 0.9975 0.0005 0.0005
0.4305 0.9985 0.0005 0.0005
0.4305 0.9995 0.0005 0.0005
0.4315 0.9465 0.0005 0.0005
0.4315 0.9485 0.0005 0.0005
0.4315 0.9495 0.0005 0.0005
0.4315 0.9505 0.0005 0.0005
0.4315 0.9515 0.0005 0.0005
0.4315 0.9525 0.0005 0.0005
0.4315 0.9535 0.0005 0.0005
0.4315 0.9545 0.0005 0.0005
0.4315 0.9575 0.0005 0.0005
0.4315 0.9585 0.0005 0.0005
0.4315 0.9595 0.0005 0.0005
0.4315 0.9605 0.0005 0.0005
0.4315 0.9615 0.0005 0.0005
0.4315 0.9625 0.0005 0.0005
0.4315 0.9635 0.0005 0.0005
0.4315 0.9645 0.0005 0.0005
0.4315 0.9655 0.0005 0.0005
0.4315 0.9665 0.0005 0.0005
0.4315 0.9675 0.0005 0.0005
0.4315 0.9685 0.0005 0.0005
0.4315 0.9695 0.0005 0.0005
0.4315 0.9715 0.0005 0.0005
0.4315 0.9725 0.0005 0.0005
0.4315 0.9755 0.0005 0.0005
0.4315 0.9795 0.0005 0.0005
0.4315 0.9815 0.0005 0.0005
0.4315 0.9825 0.0005 0.0005
0.4315 0.9835 0.0005 0.0005
0.4315 0.9845 0.0005 0.0005
0.4315 0.9855 0.0005 0.0005
0.4315 0.9865 0.0005 0.0005
0.4315 0.9875 0.0005 0.0005
0.4315 0.9885 0.0005 0.0005
0.4315 0.9895 0.0005 0.0005
0.4315 0.9905 0.0005 0.0005
0.4315 0.9915 0.0005 0.0005
0.4315 0.9925 0.0005 0.0005
0.4315 0.9935 0.0005 0.0005
0.4315 0.9945 0.0005 0.0005
0.4315 0.9955 0.0005 0.0005
0.4315 0.9965 0.0005 0.0005
0.4315 0.9975 0.0005 0.0005
0.4315 0.9985 0.0005 0.0005
0.4315 0.9995 0.0005 0.0005
0.4325 0.9375 0.0005 0.0005
0.4325 0.9555 0.0005 0.0005
0.4325 0.9565 0.0005 0.0005
0.4325 0.9575 0.0005 0.0005
0.4325 0.9585 0.0005 0.0005
0.4325 0.9595 0.0005 0.0005
0.4325 0.9605 0.0005 0.0005
0.4325 0.9615 0.0005 0.0005
0.4325 0.9625 0.0005 0.0005
0.4325 0.9635 0.0005 0.0005
0.4325 0.9645 0.0005 0.0005
0.4325 0.9655 0.0005 0.0005
0.4325 0.9665 0.0005 0.0005
0.4325 0.9675 0.0005 0.0005
0.4325 0.9685 0.0005 0.0005
0.4325 0.9695 0.0005 0.0005
0.4325 0.9705 0.0005 0.0005
0.4325 0.9715 0.0005 0.0005
0.4325 0.9735 0.0005 0.0005
0.4325 0.9745 0.0005 0.0005
0.4325 0.9755 0.0005 0.0005
0.4325 0.9785 0.0005 0.0005
0.4325 0.9795 0.0005 0.0005
0.4325 0.9815 0.0005 0.0005
0.4325 0.9825 0.0005 0.0005
0.4325 0.9835 0.0005 0.0005
0.4325 0.9845 0.0005 0.0005
0.4325 0.9855 0.0005 0.0005
0.4325 0.9865 0.0005 0.0005
0.4325 0.9875 0.0005 0.0005
0.4325 0.9885 0.0005 0.0005
0.4325 0.9895 0.0005 0.0005
0.4325 0.9905 0.0005 0.0005
0.4325 0.9925 0.0005 0.0005
0.4325 0.9935 0.0005 0.0005
0.4325 0.9945 0.0005 0.0005
0.4325 0.9965 0.0005 0.0005
0.4325 0.9975 0.0005 0.0005
0.4325 0.9985 0.0005 0.0005
0.4325 0.9995 0.0005 0.0005
0.4335 0.9455 0.0005 0.0005
0.4335 0.9605 0.0005 0.0005
0.4335 0.9655 0.0005 0.0005
0.4335 0.9665 0.0005 0.0005
0.4335 0.9675 0.0005 0.0005
0.4335 0.9685 0.0005 0.0005
0.4335 0.9705 0.0005 0.0005
0.4335 0.9715 0.0005 0.0005
0.4335 0.9725 0.0005 0.0005
0.4335 0.9735 0.0005 0.0005
0.4335 0.9745 0.0005 0.0005
0.4335 0.9755 0.0005 0.0005
0.4335 0.9765 0.0005 0.0005
0.4335 0.9775 0.0005 0.0005
0.4335 0.9785 0.0005 0.0005
0.4335 0.9795 0.0005 0.0005
0.4335 0.9805 0.0005 0.0005
0.4335 0.9815 0.0005 0.0005
0.4335 0.9825 0.0005 0.0005
0.4335 0.9835 0.0005 0.0005
0.4335 0.9845 0.0005 0.0005
0.4335 0.9855 0.0005 0.0005
0.4335 0.9865 0.0005 0.0005
0.4335 0.9875 0.0005 0.0005
0.4335 0.9885 0.0005 0.0005
0.4335 0.9895 0.0005 0.0005
0.4335 0.9905 0.0005 0.0005
0.4335 0.9915 0.0005 0.0005
0.4335 0.9925 0.0005 0.0005
0.4335 0.9935 0.0005 0.0005
0.4335 0.9945 0.0005 0.0005
0.4335 0.9955 0.0005 0.0005
0.4335 0.9975 0.0005 0.0005
0.4335 0.9985 0.0005 0.0005
0.4335 0.9995 0.0005 0.0005
0.4345 0.9555 0.0005 0.0005
0.4345 0.9565 0.0005 0.0005
0.4345 0.9595 0.0005 0.0005
0.4345 0.9695 0.0005 0.0005
0.4345 0.9715 0.0005 0.0005
0.4345 0.9725 0.0005 0.0005
0.4345 0.9735 0.0005 0.0005
0.4345 0.9745 0.0005 0.0005
0.4345 0.9755 0.0005 0.0005
0.4345 0.9765 0.0005 0.0005
0.4345 0.9775 0.0005 0.0005
0.4345 0.9785 0.0005 0.0005
0.4345 0.9795 0.0005 0.0005
0.4345 0.9805 0.0005 0.0005
0.4345 0.9815 0.0005 0.0005
0.4345 0.9825 0.0005 0.0005
0.4345 0.9835 0.0005 0.0005
0.4345 0.9845 0.0005 0.0005
0.4345 0.9855 0.0005 0.0005
0.4345 0.9865 0.0005 0.0005
0.4345 0.9875 0.0005 0.0005
0.4345 0.9885 0.0005 0.0005
0.4345 0.9895 0.0005 0.0005
0.4345 0.9905 0.0005 0.0005
0.4345 0.9915 0.0005 0.0005
0.4345 0.9925 0.0005 0.0005
0.4345 0.9935 0.0005 0.0005
0.4345 0.9945 0.0005 0.0005
0.4345 0.9955 0.0005 0.0005
0.4345 0.9965 0.0005 0.0005
0.4345 0.9975 0.0005 0.0005
0.4345 0.9985 0.0005 0.0005
0.4345 0.9995 0.0005 0.0005
0.4355 0.9535 0.0005 0.0005
0.4355 0.9605 0.0005 0.0005
0.4355 0.9655 0.0005 0.0005
0.4355 0.9685 0.0005 0.0005
0.4355 0.9755 0.0005 0.0005
0.4355 0.9765 0.0005 0.0005
0.4355 0.9775 0.0005 0.0005
0.4355 0.9785 0.0005 0.0005
0.4355 0.9795 0.0005 0.0005
0.4355 0.9815 0.0005 0.0005
0.4355 0.9825 0.0005 0.0005
0.4355 0.9835 0.0005 0.0005
0.4355 0.9845 0.0005 0.0005
0.4355 0.9855 0.0005 0.0005
0.4355 0.9865 0.0005 0.0005
0.4355 0.9875 0.0005 0.0005
0.4355 0.9885 0.0005 0.0005
0.4355 0.9895 0.0005 0.0005
0.4355 0.9905 0.0005 0.0005
0.4355 0.9915 0.0005 0.0005
0.4355 0.9925 0.0005 0.0005
0.4355 0.9935 0.0005 0.0005
0.4355 0.9945 0.0005 0.0005
0.4355 0.9955 0.0005 0.0005
0.4355 0.9965 0.0005 0.0005
0.4355 0.9975 0.0005 0.0005
0.4355 0.9985 0.0005 0.0005
0.4355 0.9995 0.0005 0.0005
0.4365 0.9605 0.0005 0.0005
0.4365 0.9715 0.0005 0.0005
0.4365 0.9755 0.0005 0.0005
0.4365 0.9765 0.0005 0.0005
0.4365 0.9775 0.0005 0.0005
0.4365 0.9795 0.0005 0.0005
0.4365 0.9835 0.0005 0.0005
0.4365 0.9845 0.0005 0.0005
0.4365 0.9855 0.0005 0.0005
0.4365 0.9865 0.0005 0.0005
0.4365 0.9875 0.0005 0.0005
0.4365 0.9885 0.0005 0.0005
0.4365 0.9895 0.0005 0.0005
0.4365 0.9905 0.0005 0.0005
0.4365 0.9915 0.0005 0.0005
0.4365 0.9925 0.0005 0.0005
0.4365 0.9935 0.0005 0.0005
0.4365 0.9945 0.0005 0.0005
0.4365 0.9955 0.0005 0.0005
0.4365 0.9965 0.0005 0.0005
0.4365 0.9975 0.0005 0.0005
0.4365 0.9985 0.0005 0.0005
0.4365 0.9995 0.0005 0.0005
0.4375 0.9775 0.0005 0.0005
0.4375 0.9785 0.0005 0.0005
0.4375 0.9795 0.0005 0.0005
0.4375 0.9805 0.0005 0.0005
0.4375 0.9815 0.0005 0.0005
0.4375 0.9835 0.0005 0.0005
0.4375 0.9845 0.0005 0.0005
0.4375 0.9855 0.0005 0.0005
0.4375 0.9875 0.0005 0.0005
0.4375 0.9885 0.0005 0.0005
0.4375 0.9895 0.0005 0.0005
0.4375 0.9905 0.0005 0.0005
0.4375 0.9915 0.0005 0.0005
0.4375 0.9925 0.0005 0.0005
0.4375 0.9935 0.0005 0.0005
0.4375 0.9945 0.0005 0.0005
0.4375 0.9955 0.0005 0.0005
0.4375 0.9965 0.0005 0.0005
0.4375 0.9975 0.0005 0.0005
0.4375 0.9985 0.0005 0.0005
0.4375 0.9995 0.0005 0.0005
0.4385 0.9775 0.0005 0.0005
0.4385 0.9855 0.0005 0.0005
0.4385 0.9865 0.0005 0.0005
0.4385 0.9875 0.0005 0.0005
0.4385 0.9885 0.0005 0.0005
0.4385 0.9895 0.0005 0.0005
0.4385 0.9905 0.0005 0.0005
0.4385 0.9925 0.0005 0.0005
0.4385 0.9935 0.0005 0.0005
0.4385 0.9945 0.0005 0.0005
0.4385 0.9955 0.0005 0.0005
0.4385 0.9965 0.0005 0.0005
0.4385 0.9975 0.0005 0.0005
0.4385 0.9985 0.0005 0.0005
0.4385 0.9995 0.0005 0.0005
0.4395 0.9355 0.0005 0.0005
0.4395 0.9905 0.0005 0.0005
0.4395 0.9915 0.0005 0.0005
0.4395 0.9935 0.0005 0.0005
0.4395 0.9965 0.0005 0.0005
0.4395 0.9975 0.0005 0.0005
0.4395 0.9985 0.0005 0.0005
0.4395 0.9995 0.0005 0.0005
0.4405 0.9515 0.0005 0.0005
0.4405 0.9945 0.0005 0.0005
0.4405 0.9955 0.0005 0.0005
0.4405 0.9965 0.0005 0.0005
0.4405 0.9975 0.0005 0.0005
0.4405 0.9995 0.0005 0.0005
