0.0845 0.9745 0.0005 0.0005
0.0845 0.9765 0.0005 0.0005
0.0855 0.9965 0.0005 0.0005
0.0895 0.9495 0.0005 0.0005
0.0905 0.9955 0.0005 0.0005
0.0925 0.9895 0.0005 0.0005
0.0935 0.9795 0.0005 0.0005
0.0935 0.9965 0.0005 0.0005
0.0945 0.9835 0.0005 0.0005
0.0945 0.9885 0.0005 0.0005
0.0955 0.9385 0.0005 0.0005
0.0955 0.9935 0.0005 0.0005
0.0955 0.9965 0.0005 0.0005
0.0955 0.9995 0.0005 0.0005
0.0965 0.9465 0.0005 0.0005
0.0965 0.9505 0.0005 0.0005
0.0965 0.9635 0.0005 0.0005
0.0965 0.9755 0.0005 0.0005
0.0965 0.9825 0.0005 0.0005
0.0965 0.9995 0.0005 0.0005
0.0975 0.8975 0.0005 0.0005
0.0975 0.9225 0.0005 0.0005
0.0975 0.9645 0.0005 0.0005
0.0985 0.9255 0.0005 0.0005
0.0985 0.9475 0.0005 0.0005
0.0985 0.9585 0.0005 0.0005
0.0985 0.9625 0.0005 0.0005
0.0985 0.9725 0.0005 0.0005
0.0985 0.9825 0.0005 0.0005
0.0985 0.9835 0.0005 0.0005
0.0985 0.9895 0.0005 0.0005
0.0985 0.9905 0.0005 0.0005
0.0985 0.9975 0.0005 0.0005
0.0995 0.9175 0.0005 0.0005
0.0995 0.9435 0.0005 0.0005
0.0995 0.9495 0.0005 0.0005
0.0995 0.9555 0.0005 0.0005
0.0995 0.9615 0.0005 0.0005
0.0995 0.9655 0.0005 0.0005
0.0995 0.9765 0.0005 0.0005
0.0995 0.9795 0.0005 0.0005
0.0995 0.9835 0.0005 0.0005
0.0995 0.9845 0.0005 0.0005
0.0995 0.9855 0.0005 0.0005
0.0995 0.9865 0.0005 0.0005
0.0995 0.9905 0.0005 0.0005
0.0995 0.9985 0.0005 0.0005
0.1005 0.9335 0.0005 0.0005
0.1005 0.9385 0.0005 0.0005
0.1005 0.9415 0.0005 0.0005
0.1005 0.9595 0.0005 0.0005
0.1005 0.9805 0.0005 0.0005
0.1005 0.9845 0.0005 0.0005
0.1005 0.9855 0.0005 0.0005
0.1005 0.9865 0.0005 0.0005
0.1015 0.8945 0.0005 0.0005
0.1015 0.9415 0.0005 0.0005
0.1015 0.9475 0.0005 0.0005
0.1015 0.9515 0.0005 0.0005
0.1015 0.9665 0.0005 0.0005
0.1015 0.9675 0.0005 0.0005
0.1015 0.9705 0.0005 0.0005
0.1015 0.9715 0.0005 0.0005
0.1015 0.9745 0.0005 0.0005
0.1015 0.9845 0.0005 0.0005
0.1015 0.9865 0.0005 0.0005
0.1015 0.9945 0.0005 0.0005
0.1025 0.9325 0.0005 0.0005
0.1025 0.9515 0.0005 0.0005
0.1025 0.9575 0.0005 0.0005
0.1025 0.9605 0.0005 0.0005
0.1025 0.9625 0.0005 0.0005
0.1025 0.9645 0.0005 0.0005
0.1025 0.9655 0.0005 0.0005
0.1025 0.9715 0.0005 0.0005
0.1025 0.9755 0.0005 0.0005
0.1025 0.9785 0.0005 0.0005
0.1025 0.9805 0.0005 0.0005
0.1025 0.9825 0.0005 0.0005
0.1025 0.9935 0.0005 0.0005
0.1025 0.9995 0.0005 0.0005
0.1035 0.9015 0.0005 0.0005
0.1035 0.9185 0.0005 0.0005
0.1035 0.9445 0.0005 0.0005
0.1035 0.9485 0.0005 0.0005
0.1035 0.9525 0.0005 0.0005
0.1035 0.9535 0.0005 0.0005
0.1035 0.9555 0.0005 0.0005
0.1035 0.9625 0.0005 0.0005
0.1035 0.9685 0.0005 0.0005
0.1035 0.9725 0.0005 0.0005
0.1035 0.9735 0.0005 0.0005
0.1035 0.9755 0.0005 0.0005
0.1035 0.9795 0.0005 0.0005
0.1035 0.9805 0.0005 0.0005
0.1035 0.9815 0.0005 0.0005
0.1035 0.9875 0.0005 0.0005
0.1035 0.9945 0.0005 0.0005
0.1035 0.9995 0.0005 0.0005
0.1045 0.9225 0.0005 0.0005
0.1045 0.9285 0.0005 0.0005
0.1045 0.9395 0.0005 0.0005
0.1045 0.9435 0.0005 0.0005
0.1045 0.9535 0.0005 0.0005
0.1045 0.9555 0.0005 0.0005
0.1045 0.9595 0.0005 0.0005
0.1045 0.9615 0.0005 0.0005
0.1045 0.9715 0.0005 0.0005
0.1045 0.9745 0.0005 0.0005
0.1045 0.9765 0.0005 0.0005
0.1045 0.9775 0.0005 0.0005
0.1045 0.9935 0.0005 0.0005
0.1045 0.9945 0.0005 0.0005
0.1045 0.9955 0.0005 0.0005
0.1045 0.9985 0.0005 0.0005
0.1045 0.9995 0.0005 0.0005
