0.3155 0.8755 0.0005 0.0005
0.3155 0.8865 0.0005 0.0005
0.3155 0.8875 0.0005 0.0005
0.3155 0.8935 0.0005 0.0005
0.3155 0.8945 0.0005 0.0005
0.3155 0.8965 0.0005 0.0005
0.3155 0.8975 0.0005 0.0005
0.3155 0.8985 0.0005 0.0005
0.3155 0.8995 0.0005 0.0005
0.3155 0.9015 0.0005 0.0005
0.3155 0.9025 0.0005 0.0005
0.3155 0.9035 0.0005 0.0005
0.3155 0.9045 0.0005 0.0005
0.3155 0.9055 0.0005 0.0005
0.3155 0.9065 0.0005 0.0005
0.3155 0.9075 0.0005 0.0005
0.3155 0.9085 0.0005 0.0005
0.3155 0.9095 0.0005 0.0005
0.3155 0.9105 0.0005 0.0005
0.3155 0.9115 0.0005 0.0005
0.3155 0.9125 0.0005 0.0005
0.3155 0.9135 0.0005 0.0005
0.3155 0.9145 0.0005 0.0005
0.3155 0.9155 0.0005 0.0005
0.3155 0.9165 0.0005 0.0005
0.3155 0.9175 0.0005 0.0005
0.3155 0.9185 0.0005 0.0005
0.3155 0.9195 0.0005 0.0005
0.3155 0.9205 0.0005 0.0005
0.3155 0.9215 0.0005 0.0005
0.3155 0.9225 0.0005 0.0005
0.3155 0.9235 0.0005 0.0005
0.3155 0.9245 0.0005 0.0005
0.3155 0.9255 0.0005 0.0005
0.3155 0.9265 0.0005 0.0005
0.3155 0.9275 0.0005 0.0005
0.3155 0.9285 0.0005 0.0005
0.3155 0.9295 0.0005 0.0005
0.3155 0.9305 0.0005 0.0005
0.3155 0.9315 0.0005 0.0005
0.3155 0.9325 0.0005 0.0005
0.3155 0.9335 0.0005 0.0005
0.3155 0.9345 0.0005 0.0005
0.3155 0.9355 0.0005 0.0005
0.3155 0.9365 0.0005 0.0005
0.3155 0.9375 0.0005 0.0005
0.3155 0.9385 0.0005 0.0005
0.3155 0.9395 0.0005 0.0005
0.3155 0.9405 0.0005 0.0005
0.3155 0.9415 0.0005 0.0005
0.3155 0.9425 0.0005 0.0005
0.3155 0.9435 0.0005 0.0005
0.3155 0.9445 0.0005 0.0005
0.3155 0.9455 0.0005 0.0005
0.3155 0.9465 0.0005 0.0005
0.3155 0.9475 0.0005 0.0005
0.3155 0.9485 0.0005 0.0005
0.3155 0.9505 0.0005 0.0005
0.3155 0.9515 0.0005 0.0005
0.3155 0.9525 0.0005 0.0005
0.3155 0.9535 0.0005 0.0005
0.3155 0.9545 0.0005 0.0005
0.3155 0.9555 0.0005 0.0005
0.3155 0.9565 0.0005 0.0005
0.3155 0.9575 0.0005 0.0005
0.3155 0.9585 0.0005 0.0005
0.3155 0.9595 0.0005 0.0005
0.3155 0.9605 0.0005 0.0005
0.3155 0.9615 0.0005 0.0005
0.3155 0.9625 0.0005 0.0005
0.3155 0.9635 0.0005 0.0005
0.3155 0.9645 0.0005 0.0005
0.3155 0.9655 0.0005 0.0005
0.3155 0.9665 0.0005 0.0005
0.3155 0.9675 0.0005 0.0005
0.3155 0.9685 0.0005 0.0005
0.3155 0.9695 0.0005 0.0005
0.3155 0.9705 0.0005 0.0005
0.3155 0.9715 0.0005 0.0005
0.3155 0.9725 0.0005 0.0005
0.3155 0.9735 0.0005 0.0005
0.3155 0.9745 0.0005 0.0005
0.3155 0.9755 0.0005 0.0005
0.3155 0.9765 0.0005 0.0005
0.3155 0.9775 0.0005 0.0005
0.3155 0.9785 0.0005 0.0005
0.3155 0.9795 0.0005 0.0005
0.3155 0.9805 0.0005 0.0005
0.3155 0.9815 0.0005 0.0005
0.3155 0.9825 0.0005 0.0005
0.3155 0.9835 0.0005 0.0005
0.3155 0.9845 0.0005 0.0005
0.3155 0.9855 0.0005 0.0005
0.3155 0.9865 0.0005 0.0005
0.3155 0.9875 0.0005 0.0005
0.3155 0.9885 0.0005 0.0005
0.3155 0.9895 0.0005 0.0005
0.3155 0.9905 0.0005 0.0005
0.3155 0.9915 0.0005 0.0005
0.3155 0.9925 0.0005 0.0005
0.3155 0.9935 0.0005 0.0005
0.3155 0.9945 0.0005 0.0005
0.3155 0.9955 0.0005 0.0005
0.3155 0.9965 0.0005 0.0005
0.3155 0.9975 0.0005 0.0005
0.3155 0.9985 0.0005 0.0005
0.3155 0.9995 0.0005 0.0005
0.3165 0.8635 0.0005 0.0005
0.3165 0.8815 0.0005 0.0005
0.3165 0.8825 0.0005 0.0005
0.3165 0.8845 0.0005 0.0005
0.3165 0.8865 0.0005 0.0005
0.3165 0.8935 0.0005 0.0005
0.3165 0.8945 0.0005 0.0005
0.3165 0.8955 0.0005 0.0005
0.3165 0.8975 0.0005 0.0005
0.3165 0.8985 0.0005 0.0005
0.3165 0.8995 0.0005 0.0005
0.3165 0.9005 0.0005 0.0005
0.3165 0.9015 0.0005 0.0005
0.3165 0.9035 0.0005 0.0005
0.3165 0.9045 0.0005 0.0005
0.3165 0.9055 0.0005 0.0005
0.3165 0.9065 0.0005 0.0005
0.3165 0.9075 0.0005 0.0005
0.3165 0.9085 0.0005 0.0005
0.3165 0.9095 0.0005 0.0005
0.3165 0.9105 0.0005 0.0005
0.3165 0.9115 0.0005 0.0005
0.3165 0.9125 0.0005 0.0005
0.3165 0.9135 0.0005 0.0005
0.3165 0.9145 0.0005 0.0005
0.3165 0.9155 0.0005 0.0005
0.3165 0.9165 0.0005 0.0005
0.3165 0.9175 0.0005 0.0005
0.3165 0.9185 0.0005 0.0005
0.3165 0.9195 0.0005 0.0005
0.3165 0.9205 0.0005 0.0005
0.3165 0.9215 0.0005 0.0005
0.3165 0.9225 0.0005 0.0005
0.3165 0.9235 0.0005 0.0005
0.3165 0.9245 0.0005 0.0005
0.3165 0.9255 0.0005 0.0005
0.3165 0.9265 0.0005 0.0005
0.3165 0.9275 0.0005 0.0005
0.3165 0.9285 0.0005 0.0005
0.3165 0.9295 0.0005 0.0005
0.3165 0.9305 0.0005 0.0005
0.3165 0.9315 0.0005 0.0005
0.3165 0.9325 0.0005 0.0005
0.3165 0.9335 0.0005 0.0005
0.3165 0.9345 0.0005 0.0005
0.3165 0.9355 0.0005 0.0005
0.3165 0.9365 0.0005 0.0005
0.3165 0.9375 0.0005 0.0005
0.3165 0.9385 0.0005 0.0005
0.3165 0.9395 0.0005 0.0005
0.3165 0.9405 0.0005 0.0005
0.3165 0.9415 0.0005 0.0005
0.3165 0.9425 0.0005 0.0005
0.3165 0.9435 0.0005 0.0005
0.3165 0.9445 0.0005 0.0005
0.3165 0.9455 0.0005 0.0005
0.3165 0.9465 0.0005 0.0005
0.3165 0.9475 0.0005 0.0005
0.3165 0.9485 0.0005 0.0005
0.3165 0.9495 0.0005 0.0005
0.3165 0.9505 0.0005 0.0005
0.3165 0.9515 0.0005 0.0005
0.3165 0.9525 0.0005 0.0005
0.3165 0.9535 0.0005 0.0005
0.3165 0.9545 0.0005 0.0005
0.3165 0.9555 0.0005 0.0005
0.3165 0.9565 0.0005 0.0005
0.3165 0.9575 0.0005 0.0005
0.3165 0.9585 0.0005 0.0005
0.3165 0.9595 0.0005 0.0005
0.3165 0.9605 0.0005 0.0005
0.3165 0.9615 0.0005 0.0005
0.3165 0.9625 0.0005 0.0005
0.3165 0.9635 0.0005 0.0005
0.3165 0.9645 0.0005 0.0005
0.3165 0.9655 0.0005 0.0005
0.3165 0.9665 0.0005 0.0005
0.3165 0.9675 0.0005 0.0005
0.3165 0.9685 0.0005 0.0005
0.3165 0.9695 0.0005 0.0005
0.3165 0.9705 0.0005 0.0005
0.3165 0.9715 0.0005 0.0005
0.3165 0.9725 0.0005 0.0005
0.3165 0.9735 0.0005 0.0005
0.3165 0.9745 0.0005 0.0005
0.3165 0.9755 0.0005 0.0005
0.3165 0.9765 0.0005 0.0005
0.3165 0.9775 0.0005 0.0005
0.3165 0.9785 0.0005 0.0005
0.3165 0.9795 0.0005 0.0005
0.3165 0.9805 0.0005 0.0005
0.3165 0.9815 0.0005 0.0005
0.3165 0.9825 0.0005 0.0005
0.3165 0.9835 0.0005 0.0005
0.3165 0.9845 0.0005 0.0005
0.3165 0.9855 0.0005 0.0005
0.3165 0.9865 0.0005 0.0005
0.3165 0.9875 0.0005 0.0005
0.3165 0.9885 0.0005 0.0005
0.3165 0.9895 0.0005 0.0005
0.3165 0.9905 0.0005 0.0005
0.3165 0.9915 0.0005 0.0005
0.3165 0.9925 0.0005 0.0005
0.3165 0.9935 0.0005 0.0005
0.3165 0.9945 0.0005 0.0005
0.3165 0.9955 0.0005 0.0005
0.3165 0.9965 0.0005 0.0005
0.3165 0.9975 0.0005 0.0005
0.3165 0.9985 0.0005 0.0005
0.3165 0.9995 0.0005 0.0005
0.3175 0.8705 0.0005 0.0005
0.3175 0.8725 0.0005 0.0005
0.3175 0.8885 0.0005 0.0005
0.3175 0.8895 0.0005 0.0005
0.3175 0.8905 0.0005 0.0005
0.3175 0.8925 0.0005 0.0005
0.3175 0.8955 0.0005 0.0005
0.3175 0.8985 0.0005 0.0005
0.3175 0.9005 0.0005 0.0005
0.3175 0.9025 0.0005 0.0005
0.3175 0.9035 0.0005 0.0005
0.3175 0.9045 0.0005 0.0005
0.3175 0.9055 0.0005 0.0005
0.3175 0.9065 0.0005 0.0005
0.3175 0.9075 0.0005 0.0005
0.3175 0.9085 0.0005 0.0005
0.3175 0.9095 0.0005 0.0005
0.3175 0.9105 0.0005 0.0005
0.3175 0.9115 0.0005 0.0005
0.3175 0.9125 0.0005 0.0005
0.3175 0.9135 0.0005 0.0005
0.3175 0.9145 0.0005 0.0005
0.3175 0.9155 0.0005 0.0005
0.3175 0.9165 0.0005 0.0005
0.3175 0.9175 0.0005 0.0005
0.3175 0.9185 0.0005 0.0005
0.3175 0.9195 0.0005 0.0005
0.3175 0.9205 0.0005 0.0005
0.3175 0.9215 0.0005 0.0005
0.3175 0.9225 0.0005 0.0005
0.3175 0.9235 0.0005 0.0005
0.3175 0.9255 0.0005 0.0005
0.3175 0.9265 0.0005 0.0005
0.3175 0.9275 0.0005 0.0005
0.3175 0.9285 0.0005 0.0005
0.3175 0.9295 0.0005 0.0005
0.3175 0.9305 0.0005 0.0005
0.3175 0.9315 0.0005 0.0005
0.3175 0.9325 0.0005 0.0005
0.3175 0.9335 0.0005 0.0005
0.3175 0.9345 0.0005 0.0005
0.3175 0.9355 0.0005 0.0005
0.3175 0.9365 0.0005 0.0005
0.3175 0.9375 0.0005 0.0005
0.3175 0.9385 0.0005 0.0005
0.3175 0.9395 0.0005 0.0005
0.3175 0.9405 0.0005 0.0005
0.3175 0.9415 0.0005 0.0005
0.3175 0.9425 0.0005 0.0005
0.3175 0.9435 0.0005 0.0005
0.3175 0.9445 0.0005 0.0005
0.3175 0.9455 0.0005 0.0005
0.3175 0.9465 0.0005 0.0005
0.3175 0.9475 0.0005 0.0005
0.3175 0.9485 0.0005 0.0005
0.3175 0.9495 0.0005 0.0005
0.3175 0.9505 0.0005 0.0005
0.3175 0.9515 0.0005 0.0005
0.3175 0.9525 0.0005 0.0005
0.3175 0.9535 0.0005 0.0005
0.3175 0.9545 0.0005 0.0005
0.3175 0.9555 0.0005 0.0005
0.3175 0.9565 0.0005 0.0005
0.3175 0.9575 0.0005 0.0005
0.3175 0.9585 0.0005 0.0005
0.3175 0.9595 0.0005 0.0005
0.3175 0.9605 0.0005 0.0005
0.3175 0.9615 0.0005 0.0005
0.3175 0.9625 0.0005 0.0005
0.3175 0.9635 0.0005 0.0005
0.3175 0.9645 0.0005 0.0005
0.3175 0.9655 0.0005 0.0005
0.3175 0.9665 0.0005 0.0005
0.3175 0.9675 0.0005 0.0005
0.3175 0.9685 0.0005 0.0005
0.3175 0.9695 0.0005 0.0005
0.3175 0.9705 0.0005 0.0005
0.3175 0.9715 0.0005 0.0005
0.3175 0.9725 0.0005 0.0005
0.3175 0.9735 0.0005 0.0005
0.3175 0.9745 0.0005 0.0005
0.3175 0.9755 0.0005 0.0005
0.3175 0.9765 0.0005 0.0005
0.3175 0.9775 0.0005 0.0005
0.3175 0.9785 0.0005 0.0005
0.3175 0.9795 0.0005 0.0005
0.3175 0.9805 0.0005 0.0005
0.3175 0.9815 0.0005 0.0005
0.3175 0.9825 0.0005 0.0005
0.3175 0.9835 0.0005 0.0005
0.3175 0.9845 0.0005 0.0005
0.3175 0.9855 0.0005 0.0005
0.3175 0.9865 0.0005 0.0005
0.3175 0.9875 0.0005 0.0005
0.3175 0.9885 0.0005 0.0005
0.3175 0.9895 0.0005 0.0005
0.3175 0.9905 0.0005 0.0005
0.3175 0.9915 0.0005 0.0005
0.3175 0.9925 0.0005 0.0005
0.3175 0.9935 0.0005 0.0005
0.3175 0.9945 0.0005 0.0005
0.3175 0.9955 0.0005 0.0005
0.3175 0.9965 0.0005 0.0005
0.3175 0.9975 0.0005 0.0005
0.3175 0.9985 0.0005 0.0005
0.3175 0.9995 0.0005 0.0005
0.3185 0.8755 0.0005 0.0005
0.3185 0.8765 0.0005 0.0005
0.3185 0.8785 0.0005 0.0005
0.3185 0.8945 0.0005 0.0005
0.3185 0.8955 0.0005 0.0005
0.3185 0.8965 0.0005 0.0005
0.3185 0.8975 0.0005 0.0005
0.3185 0.8985 0.0005 0.0005
0.3185 0.9005 0.0005 0.0005
0.3185 0.9015 0.0005 0.0005
0.3185 0.9025 0.0005 0.0005
0.3185 0.9035 0.0005 0.0005
0.3185 0.9055 0.0005 0.0005
0.3185 0.9065 0.0005 0.0005
0.3185 0.9075 0.0005 0.0005
0.3185 0.9085 0.0005 0.0005
0.3185 0.9095 0.0005 0.0005
0.3185 0.9105 0.0005 0.0005
0.3185 0.9115 0.0005 0.0005
0.3185 0.9125 0.0005 0.0005
0.3185 0.9135 0.0005 0.0005
0.3185 0.9145 0.0005 0.0005
0.3185 0.9155 0.0005 0.0005
0.3185 0.9165 0.0005 0.0005
0.3185 0.9175 0.0005 0.0005
0.3185 0.9185 0.0005 0.0005
0.3185 0.9195 0.0005 0.0005
0.3185 0.9205 0.0005 0.0005
0.3185 0.9215 0.0005 0.0005
0.3185 0.9225 0.0005 0.0005
0.3185 0.9235 0.0005 0.0005
0.3185 0.9245 0.0005 0.0005
0.3185 0.9255 0.0005 0.0005
0.3185 0.9265 0.0005 0.0005
0.3185 0.9275 0.0005 0.0005
0.3185 0.9285 0.0005 0.0005
0.3185 0.9295 0.0005 0.0005
0.3185 0.9305 0.0005 0.0005
0.3185 0.9315 0.0005 0.0005
0.3185 0.9325 0.0005 0.0005
0.3185 0.9335 0.0005 0.0005
0.3185 0.9345 0.0005 0.0005
0.3185 0.9355 0.0005 0.0005
0.3185 0.9365 0.0005 0.0005
0.3185 0.9375 0.0005 0.0005
0.3185 0.9385 0.0005 0.0005
0.3185 0.9395 0.0005 0.0005
0.3185 0.9405 0.0005 0.0005
0.3185 0.9415 0.0005 0.0005
0.3185 0.9425 0.0005 0.0005
0.3185 0.9435 0.0005 0.0005
0.3185 0.9445 0.0005 0.0005
0.3185 0.9455 0.0005 0.0005
0.3185 0.9465 0.0005 0.0005
0.3185 0.9475 0.0005 0.0005
0.3185 0.9485 0.0005 0.0005
0.3185 0.9495 0.0005 0.0005
0.3185 0.9505 0.0005 0.0005
0.3185 0.9515 0.0005 0.0005
0.3185 0.9525 0.0005 0.0005
0.3185 0.9535 0.0005 0.0005
0.3185 0.9545 0.0005 0.0005
0.3185 0.9555 0.0005 0.0005
0.3185 0.9565 0.0005 0.0005
0.3185 0.9575 0.0005 0.0005
0.3185 0.9585 0.0005 0.0005
0.3185 0.9595 0.0005 0.0005
0.3185 0.9605 0.0005 0.0005
0.3185 0.9615 0.0005 0.0005
0.3185 0.9625 0.0005 0.0005
0.3185 0.9635 0.0005 0.0005
0.3185 0.9645 0.0005 0.0005
0.3185 0.9655 0.0005 0.0005
0.3185 0.9665 0.0005 0.0005
0.3185 0.9675 0.0005 0.0005
0.3185 0.9685 0.0005 0.0005
0.3185 0.9695 0.0005 0.0005
0.3185 0.9705 0.0005 0.0005
0.3185 0.9715 0.0005 0.0005
0.3185 0.9725 0.0005 0.0005
0.3185 0.9735 0.0005 0.0005
0.3185 0.9745 0.0005 0.0005
0.3185 0.9755 0.0005 0.0005
0.3185 0.9765 0.0005 0.0005
0.3185 0.9775 0.0005 0.0005
0.3185 0.9785 0.0005 0.0005
0.3185 0.9795 0.0005 0.0005
0.3185 0.9805 0.0005 0.0005
0.3185 0.9815 0.0005 0.0005
0.3185 0.9825 0.0005 0.0005
0.3185 0.9835 0.0005 0.0005
0.3185 0.9845 0.0005 0.0005
0.3185 0.9855 0.0005 0.0005
0.3185 0.9865 0.0005 0.0005
0.3185 0.9875 0.0005 0.0005
0.3185 0.9885 0.0005 0.0005
0.3185 0.9895 0.0005 0.0005
0.3185 0.9905 0.0005 0.0005
0.3185 0.9915 0.0005 0.0005
0.3185 0.9925 0.0005 0.0005
0.3185 0.9935 0.0005 0.0005
0.3185 0.9945 0.0005 0.0005
0.3185 0.9955 0.0005 0.0005
0.3185 0.9965 0.0005 0.0005
0.3185 0.9975 0.0005 0.0005
0.3185 0.9985 0.0005 0.0005
0.3185 0.9995 0.0005 0.0005
0.3195 0.8825 0.0005 0.0005
0.3195 0.8835 0.0005 0.0005
0.3195 0.8845 0.0005 0.0005
0.3195 0.8855 0.0005 0.0005
0.3195 0.8865 0.0005 0.0005
0.3195 0.8905 0.0005 0.0005
0.3195 0.8995 0.0005 0.0005
0.3195 0.9005 0.0005 0.0005
0.3195 0.9015 0.0005 0.0005
0.3195 0.9025 0.0005 0.0005
0.3195 0.9035 0.0005 0.0005
0.3195 0.9045 0.0005 0.0005
0.3195 0.9065 0.0005 0.0005
0.3195 0.9075 0.0005 0.0005
0.3195 0.9095 0.0005 0.0005
0.3195 0.9105 0.0005 0.0005
0.3195 0.9115 0.0005 0.0005
0.3195 0.9125 0.0005 0.0005
0.3195 0.9135 0.0005 0.0005
0.3195 0.9145 0.0005 0.0005
0.3195 0.9155 0.0005 0.0005
0.3195 0.9165 0.0005 0.0005
0.3195 0.9175 0.0005 0.0005
0.3195 0.9185 0.0005 0.0005
0.3195 0.9195 0.0005 0.0005
0.3195 0.9205 0.0005 0.0005
0.3195 0.9215 0.0005 0.0005
0.3195 0.9225 0.0005 0.0005
0.3195 0.9235 0.0005 0.0005
0.3195 0.9245 0.0005 0.0005
0.3195 0.9255 0.0005 0.0005
0.3195 0.9265 0.0005 0.0005
0.3195 0.9275 0.0005 0.0005
0.3195 0.9285 0.0005 0.0005
0.3195 0.9295 0.0005 0.0005
0.3195 0.9305 0.0005 0.0005
0.3195 0.9315 0.0005 0.0005
0.3195 0.9325 0.0005 0.0005
0.3195 0.9335 0.0005 0.0005
0.3195 0.9345 0.0005 0.0005
0.3195 0.9355 0.0005 0.0005
0.3195 0.9365 0.0005 0.0005
0.3195 0.9375 0.0005 0.0005
0.3195 0.9385 0.0005 0.0005
0.3195 0.9395 0.0005 0.0005
0.3195 0.9405 0.0005 0.0005
0.3195 0.9415 0.0005 0.0005
0.3195 0.9425 0.0005 0.0005
0.3195 0.9435 0.0005 0.0005
0.3195 0.9445 0.0005 0.0005
0.3195 0.9455 0.0005 0.0005
0.3195 0.9465 0.0005 0.0005
0.3195 0.9475 0.0005 0.0005
0.3195 0.9485 0.0005 0.0005
0.3195 0.9495 0.0005 0.0005
0.3195 0.9505 0.0005 0.0005
0.3195 0.9515 0.0005 0.0005
0.3195 0.9525 0.0005 0.0005
0.3195 0.9535 0.0005 0.0005
0.3195 0.9545 0.0005 0.0005
0.3195 0.9555 0.0005 0.0005
0.3195 0.9565 0.0005 0.0005
0.3195 0.9575 0.0005 0.0005
0.3195 0.9585 0.0005 0.0005
0.3195 0.9595 0.0005 0.0005
0.3195 0.9605 0.0005 0.0005
0.3195 0.9615 0.0005 0.0005
0.3195 0.9625 0.0005 0.0005
0.3195 0.9635 0.0005 0.0005
0.3195 0.9645 0.0005 0.0005
0.3195 0.9655 0.0005 0.0005
0.3195 0.9665 0.0005 0.0005
0.3195 0.9675 0.0005 0.0005
0.3195 0.9685 0.0005 0.0005
0.3195 0.9695 0.0005 0.0005
0.3195 0.9705 0.0005 0.0005
0.3195 0.9715 0.0005 0.0005
0.3195 0.9725 0.0005 0.0005
0.3195 0.9735 0.0005 0.0005
0.3195 0.9745 0.0005 0.0005
0.3195 0.9755 0.0005 0.0005
0.3195 0.9765 0.0005 0.0005
0.3195 0.9775 0.0005 0.0005
0.3195 0.9785 0.0005 0.0005
0.3195 0.9795 0.0005 0.0005
0.3195 0.9805 0.0005 0.0005
0.3195 0.9815 0.0005 0.0005
0.3195 0.9825 0.0005 0.0005
0.3195 0.9835 0.0005 0.0005
0.3195 0.9845 0.0005 0.0005
0.3195 0.9855 0.0005 0.0005
0.3195 0.9865 0.0005 0.0005
0.3195 0.9875 0.0005 0.0005
0.3195 0.9885 0.0005 0.0005
0.3195 0.9895 0.0005 0.0005
0.3195 0.9905 0.0005 0.0005
0.3195 0.9915 0.0005 0.0005
0.3195 0.9925 0.0005 0.0005
0.3195 0.9935 0.0005 0.0005
0.3195 0.9945 0.0005 0.0005
0.3195 0.9955 0.0005 0.0005
0.3195 0.9965 0.0005 0.0005
0.3195 0.9975 0.0005 0.0005
0.3195 0.9985 0.0005 0.0005
0.3195 0.9995 0.0005 0.0005
0.3205 0.8495 0.0005 0.0005
0.3205 0.8515 0.0005 0.0005
0.3205 0.8525 0.0005 0.0005
0.3205 0.8875 0.0005 0.0005
0.3205 0.8885 0.0005 0.0005
0.3205 0.8895 0.0005 0.0005
0.3205 0.8905 0.0005 0.0005
0.3205 0.8915 0.0005 0.0005
0.3205 0.8925 0.0005 0.0005
0.3205 0.8935 0.0005 0.0005
0.3205 0.8955 0.0005 0.0005
0.3205 0.8975 0.0005 0.0005
0.3205 0.9055 0.0005 0.0005
0.3205 0.9075 0.0005 0.0005
0.3205 0.9085 0.0005 0.0005
0.3205 0.9095 0.0005 0.0005
0.3205 0.9105 0.0005 0.0005
0.3205 0.9115 0.0005 0.0005
0.3205 0.9125 0.0005 0.0005
0.3205 0.9135 0.0005 0.0005
0.3205 0.9145 0.0005 0.0005
0.3205 0.9155 0.0005 0.0005
0.3205 0.9165 0.0005 0.0005
0.3205 0.9175 0.0005 0.0005
0.3205 0.9185 0.0005 0.0005
0.3205 0.9195 0.0005 0.0005
0.3205 0.9205 0.0005 0.0005
0.3205 0.9215 0.0005 0.0005
0.3205 0.9225 0.0005 0.0005
0.3205 0.9235 0.0005 0.0005
0.3205 0.9245 0.0005 0.0005
0.3205 0.9255 0.0005 0.0005
0.3205 0.9265 0.0005 0.0005
0.3205 0.9275 0.0005 0.0005
0.3205 0.9285 0.0005 0.0005
0.3205 0.9295 0.0005 0.0005
0.3205 0.9305 0.0005 0.0005
0.3205 0.9315 0.0005 0.0005
0.3205 0.9325 0.0005 0.0005
0.3205 0.9335 0.0005 0.0005
0.3205 0.9345 0.0005 0.0005
0.3205 0.9355 0.0005 0.0005
0.3205 0.9365 0.0005 0.0005
0.3205 0.9375 0.0005 0.0005
0.3205 0.9385 0.0005 0.0005
0.3205 0.9395 0.0005 0.0005
0.3205 0.9405 0.0005 0.0005
0.3205 0.9415 0.0005 0.0005
0.3205 0.9425 0.0005 0.0005
0.3205 0.9435 0.0005 0.0005
0.3205 0.9445 0.0005 0.0005
0.3205 0.9455 0.0005 0.0005
0.3205 0.9465 0.0005 0.0005
0.3205 0.9475 0.0005 0.0005
0.3205 0.9485 0.0005 0.0005
0.3205 0.9495 0.0005 0.0005
0.3205 0.9505 0.0005 0.0005
0.3205 0.9515 0.0005 0.0005
0.3205 0.9525 0.0005 0.0005
0.3205 0.9535 0.0005 0.0005
0.3205 0.9545 0.0005 0.0005
0.3205 0.9555 0.0005 0.0005
0.3205 0.9565 0.0005 0.0005
0.3205 0.9575 0.0005 0.0005
0.3205 0.9585 0.0005 0.0005
0.3205 0.9595 0.0005 0.0005
0.3205 0.9605 0.0005 0.0005
0.3205 0.9615 0.0005 0.0005
0.3205 0.9625 0.0005 0.0005
0.3205 0.9635 0.0005 0.0005
0.3205 0.9645 0.0005 0.0005
0.3205 0.9655 0.0005 0.0005
0.3205 0.9665 0.0005 0.0005
0.3205 0.9675 0.0005 0.0005
0.3205 0.9685 0.0005 0.0005
0.3205 0.9695 0.0005 0.0005
0.3205 0.9705 0.0005 0.0005
0.3205 0.9715 0.0005 0.0005
0.3205 0.9725 0.0005 0.0005
0.3205 0.9735 0.0005 0.0005
0.3205 0.9745 0.0005 0.0005
0.3205 0.9755 0.0005 0.0005
0.3205 0.9765 0.0005 0.0005
0.3205 0.9775 0.0005 0.0005
0.3205 0.9785 0.0005 0.0005
0.3205 0.9795 0.0005 0.0005
0.3205 0.9805 0.0005 0.0005
0.3205 0.9815 0.0005 0.0005
0.3205 0.9825 0.0005 0.0005
0.3205 0.9835 0.0005 0.0005
0.3205 0.9845 0.0005 0.0005
0.3205 0.9855 0.0005 0.0005
0.3205 0.9865 0.0005 0.0005
0.3205 0.9875 0.0005 0.0005
0.3205 0.9885 0.0005 0.0005
0.3205 0.9895 0.0005 0.0005
0.3205 0.9905 0.0005 0.0005
0.3205 0.9915 0.0005 0.0005
0.3205 0.9925 0.0005 0.0005
0.3205 0.9935 0.0005 0.0005
0.3205 0.9945 0.0005 0.0005
0.3205 0.9955 0.0005 0.0005
0.3205 0.9965 0.0005 0.0005
0.3205 0.9975 0.0005 0.0005
0.3205 0.9985 0.0005 0.0005
0.3205 0.9995 0.0005 0.0005
0.3215 0.8585 0.0005 0.0005
0.3215 0.8595 0.0005 0.0005
0.3215 0.8605 0.0005 0.0005
0.3215 0.8645 0.0005 0.0005
0.3215 0.8935 0.0005 0.0005
0.3215 0.8945 0.0005 0.0005
0.3215 0.8955 0.0005 0.0005
0.3215 0.8965 0.0005 0.0005
0.3215 0.8975 0.0005 0.0005
0.3215 0.8985 0.0005 0.0005
0.3215 0.8995 0.0005 0.0005
0.3215 0.9005 0.0005 0.0005
0.3215 0.9015 0.0005 0.0005
0.3215 0.9025 0.0005 0.0005
0.3215 0.9035 0.0005 0.0005
0.3215 0.9045 0.0005 0.0005
0.3215 0.9085 0.0005 0.0005
0.3215 0.9095 0.0005 0.0005
0.3215 0.9105 0.0005 0.0005
0.3215 0.9115 0.0005 0.0005
0.3215 0.9125 0.0005 0.0005
0.3215 0.9135 0.0005 0.0005
0.3215 0.9145 0.0005 0.0005
0.3215 0.9155 0.0005 0.0005
0.3215 0.9165 0.0005 0.0005
0.3215 0.9175 0.0005 0.0005
0.3215 0.9185 0.0005 0.0005
0.3215 0.9195 0.0005 0.0005
0.3215 0.9205 0.0005 0.0005
0.3215 0.9215 0.0005 0.0005
0.3215 0.9225 0.0005 0.0005
0.3215 0.9235 0.0005 0.0005
0.3215 0.9245 0.0005 0.0005
0.3215 0.9255 0.0005 0.0005
0.3215 0.9265 0.0005 0.0005
0.3215 0.9275 0.0005 0.0005
0.3215 0.9285 0.0005 0.0005
0.3215 0.9295 0.0005 0.0005
0.3215 0.9305 0.0005 0.0005
0.3215 0.9315 0.0005 0.0005
0.3215 0.9325 0.0005 0.0005
0.3215 0.9335 0.0005 0.0005
0.3215 0.9345 0.0005 0.0005
0.3215 0.9355 0.0005 0.0005
0.3215 0.9365 0.0005 0.0005
0.3215 0.9375 0.0005 0.0005
0.3215 0.9385 0.0005 0.0005
0.3215 0.9395 0.0005 0.0005
0.3215 0.9405 0.0005 0.0005
0.3215 0.9415 0.0005 0.0005
0.3215 0.9425 0.0005 0.0005
0.3215 0.9435 0.0005 0.0005
0.3215 0.9445 0.0005 0.0005
0.3215 0.9455 0.0005 0.0005
0.3215 0.9465 0.0005 0.0005
0.3215 0.9475 0.0005 0.0005
0.3215 0.9485 0.0005 0.0005
0.3215 0.9495 0.0005 0.0005
0.3215 0.9505 0.0005 0.0005
0.3215 0.9515 0.0005 0.0005
0.3215 0.9525 0.0005 0.0005
0.3215 0.9535 0.0005 0.0005
0.3215 0.9545 0.0005 0.0005
0.3215 0.9555 0.0005 0.0005
0.3215 0.9565 0.0005 0.0005
0.3215 0.9575 0.0005 0.0005
0.3215 0.9585 0.0005 0.0005
0.3215 0.9595 0.0005 0.0005
0.3215 0.9605 0.0005 0.0005
0.3215 0.9615 0.0005 0.0005
0.3215 0.9625 0.0005 0.0005
0.3215 0.9635 0.0005 0.0005
0.3215 0.9645 0.0005 0.0005
0.3215 0.9655 0.0005 0.0005
0.3215 0.9665 0.0005 0.0005
0.3215 0.9675 0.0005 0.0005
0.3215 0.9685 0.0005 0.0005
0.3215 0.9695 0.0005 0.0005
0.3215 0.9705 0.0005 0.0005
0.3215 0.9715 0.0005 0.0005
0.3215 0.9725 0.0005 0.0005
0.3215 0.9735 0.0005 0.0005
0.3215 0.9745 0.0005 0.0005
0.3215 0.9755 0.0005 0.0005
0.3215 0.9765 0.0005 0.0005
0.3215 0.9775 0.0005 0.0005
0.3215 0.9785 0.0005 0.0005
0.3215 0.9795 0.0005 0.0005
0.3215 0.9805 0.0005 0.0005
0.3215 0.9815 0.0005 0.0005
0.3215 0.9825 0.0005 0.0005
0.3215 0.9835 0.0005 0.0005
0.3215 0.9845 0.0005 0.0005
0.3215 0.9855 0.0005 0.0005
0.3215 0.9865 0.0005 0.0005
0.3215 0.9875 0.0005 0.0005
0.3215 0.9885 0.0005 0.0005
0.3215 0.9895 0.0005 0.0005
0.3215 0.9905 0.0005 0.0005
0.3215 0.9915 0.0005 0.0005
0.3215 0.9925 0.0005 0.0005
0.3215 0.9935 0.0005 0.0005
0.3215 0.9945 0.0005 0.0005
0.3215 0.9955 0.0005 0.0005
0.3215 0.9965 0.0005 0.0005
0.3215 0.9975 0.0005 0.0005
0.3215 0.9985 0.0005 0.0005
0.3215 0.9995 0.0005 0.0005
0.3225 0.8625 0.0005 0.0005
0.3225 0.8635 0.0005 0.0005
0.3225 0.8655 0.0005 0.0005
0.3225 0.8695 0.0005 0.0005
0.3225 0.9005 0.0005 0.0005
0.3225 0.9015 0.0005 0.0005
0.3225 0.9025 0.0005 0.0005
0.3225 0.9035 0.0005 0.0005
0.3225 0.9045 0.0005 0.0005
0.3225 0.9055 0.0005 0.0005
0.3225 0.9065 0.0005 0.0005
0.3225 0.9075 0.0005 0.0005
0.3225 0.9085 0.0005 0.0005
0.3225 0.9105 0.0005 0.0005
0.3225 0.9125 0.0005 0.0005
0.3225 0.9155 0.0005 0.0005
0.3225 0.9165 0.0005 0.0005
0.3225 0.9175 0.0005 0.0005
0.3225 0.9185 0.0005 0.0005
0.3225 0.9195 0.0005 0.0005
0.3225 0.9205 0.0005 0.0005
0.3225 0.9215 0.0005 0.0005
0.3225 0.9225 0.0005 0.0005
0.3225 0.9235 0.0005 0.0005
0.3225 0.9245 0.0005 0.0005
0.3225 0.9255 0.0005 0.0005
0.3225 0.9265 0.0005 0.0005
0.3225 0.9275 0.0005 0.0005
0.3225 0.9285 0.0005 0.0005
0.3225 0.9295 0.0005 0.0005
0.3225 0.9305 0.0005 0.0005
0.3225 0.9315 0.0005 0.0005
0.3225 0.9325 0.0005 0.0005
0.3225 0.9335 0.0005 0.0005
0.3225 0.9345 0.0005 0.0005
0.3225 0.9355 0.0005 0.0005
0.3225 0.9365 0.0005 0.0005
0.3225 0.9375 0.0005 0.0005
0.3225 0.9385 0.0005 0.0005
0.3225 0.9395 0.0005 0.0005
0.3225 0.9405 0.0005 0.0005
0.3225 0.9415 0.0005 0.0005
0.3225 0.9425 0.0005 0.0005
0.3225 0.9435 0.0005 0.0005
0.3225 0.9445 0.0005 0.0005
0.3225 0.9455 0.0005 0.0005
0.3225 0.9465 0.0005 0.0005
0.3225 0.9475 0.0005 0.0005
0.3225 0.9485 0.0005 0.0005
0.3225 0.9495 0.0005 0.0005
0.3225 0.9505 0.0005 0.0005
0.3225 0.9515 0.0005 0.0005
0.3225 0.9525 0.0005 0.0005
0.3225 0.9535 0.0005 0.0005
0.3225 0.9545 0.0005 0.0005
0.3225 0.9555 0.0005 0.0005
0.3225 0.9565 0.0005 0.0005
0.3225 0.9575 0.0005 0.0005
0.3225 0.9585 0.0005 0.0005
0.3225 0.9595 0.0005 0.0005
0.3225 0.9605 0.0005 0.0005
0.3225 0.9615 0.0005 0.0005
0.3225 0.9625 0.0005 0.0005
0.3225 0.9635 0.0005 0.0005
0.3225 0.9645 0.0005 0.0005
0.3225 0.9655 0.0005 0.0005
0.3225 0.9665 0.0005 0.0005
0.3225 0.9675 0.0005 0.0005
0.3225 0.9685 0.0005 0.0005
0.3225 0.9695 0.0005 0.0005
0.3225 0.9705 0.0005 0.0005
0.3225 0.9715 0.0005 0.0005
0.3225 0.9725 0.0005 0.0005
0.3225 0.9735 0.0005 0.0005
0.3225 0.9745 0.0005 0.0005
0.3225 0.9755 0.0005 0.0005
0.3225 0.9765 0.0005 0.0005
0.3225 0.9775 0.0005 0.0005
0.3225 0.9785 0.0005 0.0005
0.3225 0.9795 0.0005 0.0005
0.3225 0.9805 0.0005 0.0005
0.3225 0.9815 0.0005 0.0005
0.3225 0.9825 0.0005 0.0005
0.3225 0.9835 0.0005 0.0005
0.3225 0.9845 0.0005 0.0005
0.3225 0.9855 0.0005 0.0005
0.3225 0.9865 0.0005 0.0005
0.3225 0.9875 0.0005 0.0005
0.3225 0.9885 0.0005 0.0005
0.3225 0.9895 0.0005 0.0005
0.3225 0.9905 0.0005 0.0005
0.3225 0.9915 0.0005 0.0005
0.3225 0.9925 0.0005 0.0005
0.3225 0.9935 0.0005 0.0005
0.3225 0.9945 0.0005 0.0005
0.3225 0.9955 0.0005 0.0005
0.3225 0.9965 0.0005 0.0005
0.3225 0.9975 0.0005 0.0005
0.3225 0.9985 0.0005 0.0005
0.3225 0.9995 0.0005 0.0005
0.3235 0.8705 0.0005 0.0005
0.3235 0.8715 0.0005 0.0005
0.3235 0.8725 0.0005 0.0005
0.3235 0.8735 0.0005 0.0005
0.3235 0.8745 0.0005 0.0005
0.3235 0.8755 0.0005 0.0005
0.3235 0.8765 0.0005 0.0005
0.3235 0.8775 0.0005 0.0005
0.3235 0.9065 0.0005 0.0005
0.3235 0.9075 0.0005 0.0005
0.3235 0.9085 0.0005 0.0005
0.3235 0.9095 0.0005 0.0005
0.3235 0.9105 0.0005 0.0005
0.3235 0.9115 0.0005 0.0005
0.3235 0.9125 0.0005 0.0005
0.3235 0.9135 0.0005 0.0005
0.3235 0.9145 0.0005 0.0005
0.3235 0.9155 0.0005 0.0005
0.3235 0.9165 0.0005 0.0005
0.3235 0.9175 0.0005 0.0005
0.3235 0.9185 0.0005 0.0005
0.3235 0.9205 0.0005 0.0005
0.3235 0.9215 0.0005 0.0005
0.3235 0.9225 0.0005 0.0005
0.3235 0.9245 0.0005 0.0005
0.3235 0.9255 0.0005 0.0005
0.3235 0.9265 0.0005 0.0005
0.3235 0.9275 0.0005 0.0005
0.3235 0.9285 0.0005 0.0005
0.3235 0.9295 0.0005 0.0005
0.3235 0.9305 0.0005 0.0005
0.3235 0.9315 0.0005 0.0005
0.3235 0.9325 0.0005 0.0005
0.3235 0.9335 0.0005 0.0005
0.3235 0.9345 0.0005 0.0005
0.3235 0.9355 0.0005 0.0005
0.3235 0.9365 0.0005 0.0005
0.3235 0.9375 0.0005 0.0005
0.3235 0.9385 0.0005 0.0005
0.3235 0.9395 0.0005 0.0005
0.3235 0.9405 0.0005 0.0005
0.3235 0.9415 0.0005 0.0005
0.3235 0.9425 0.0005 0.0005
0.3235 0.9435 0.0005 0.0005
0.3235 0.9445 0.0005 0.0005
0.3235 0.9455 0.0005 0.0005
0.3235 0.9465 0.0005 0.0005
0.3235 0.9475 0.0005 0.0005
0.3235 0.9485 0.0005 0.0005
0.3235 0.9495 0.0005 0.0005
0.3235 0.9505 0.0005 0.0005
0.3235 0.9515 0.0005 0.0005
0.3235 0.9525 0.0005 0.0005
0.3235 0.9535 0.0005 0.0005
0.3235 0.9545 0.0005 0.0005
0.3235 0.9555 0.0005 0.0005
0.3235 0.9565 0.0005 0.0005
0.3235 0.9575 0.0005 0.0005
0.3235 0.9585 0.0005 0.0005
0.3235 0.9595 0.0005 0.0005
0.3235 0.9605 0.0005 0.0005
0.3235 0.9615 0.0005 0.0005
0.3235 0.9625 0.0005 0.0005
0.3235 0.9635 0.0005 0.0005
0.3235 0.9645 0.0005 0.0005
0.3235 0.9655 0.0005 0.0005
0.3235 0.9665 0.0005 0.0005
0.3235 0.9675 0.0005 0.0005
0.3235 0.9685 0.0005 0.0005
0.3235 0.9695 0.0005 0.0005
0.3235 0.9705 0.0005 0.0005
0.3235 0.9715 0.0005 0.0005
0.3235 0.9725 0.0005 0.0005
0.3235 0.9735 0.0005 0.0005
0.3235 0.9745 0.0005 0.0005
0.3235 0.9755 0.0005 0.0005
0.3235 0.9765 0.0005 0.0005
0.3235 0.9775 0.0005 0.0005
0.3235 0.9785 0.0005 0.0005
0.3235 0.9795 0.0005 0.0005
0.3235 0.9805 0.0005 0.0005
0.3235 0.9815 0.0005 0.0005
0.3235 0.9825 0.0005 0.0005
0.3235 0.9835 0.0005 0.0005
0.3235 0.9845 0.0005 0.0005
0.3235 0.9855 0.0005 0.0005
0.3235 0.9865 0.0005 0.0005
0.3235 0.9875 0.0005 0.0005
0.3235 0.9885 0.0005 0.0005
0.3235 0.9895 0.0005 0.0005
0.3235 0.9905 0.0005 0.0005
0.3235 0.9915 0.0005 0.0005
0.3235 0.9925 0.0005 0.0005
0.3235 0.9935 0.0005 0.0005
0.3235 0.9945 0.0005 0.0005
0.3235 0.9955 0.0005 0.0005
0.3235 0.9965 0.0005 0.0005
0.3235 0.9975 0.0005 0.0005
0.3235 0.9985 0.0005 0.0005
0.3235 0.9995 0.0005 0.0005
0.3245 0.8755 0.0005 0.0005
0.3245 0.8765 0.0005 0.0005
0.3245 0.8775 0.0005 0.0005
0.3245 0.8785 0.0005 0.0005
0.3245 0.8795 0.0005 0.0005
0.3245 0.8805 0.0005 0.0005
0.3245 0.8815 0.0005 0.0005
0.3245 0.8825 0.0005 0.0005
0.3245 0.8835 0.0005 0.0005
0.3245 0.8845 0.0005 0.0005
0.3245 0.8865 0.0005 0.0005
0.3245 0.9115 0.0005 0.0005
0.3245 0.9125 0.0005 0.0005
0.3245 0.9135 0.0005 0.0005
0.3245 0.9145 0.0005 0.0005
0.3245 0.9155 0.0005 0.0005
0.3245 0.9165 0.0005 0.0005
0.3245 0.9175 0.0005 0.0005
0.3245 0.9185 0.0005 0.0005
0.3245 0.9195 0.0005 0.0005
0.3245 0.9205 0.0005 0.0005
0.3245 0.9215 0.0005 0.0005
0.3245 0.9225 0.0005 0.0005
0.3245 0.9235 0.0005 0.0005
0.3245 0.9255 0.0005 0.0005
0.3245 0.9265 0.0005 0.0005
0.3245 0.9275 0.0005 0.0005
0.3245 0.9285 0.0005 0.0005
0.3245 0.9295 0.0005 0.0005
0.3245 0.9305 0.0005 0.0005
0.3245 0.9315 0.0005 0.0005
0.3245 0.9325 0.0005 0.0005
0.3245 0.9335 0.0005 0.0005
0.3245 0.9345 0.0005 0.0005
0.3245 0.9355 0.0005 0.0005
0.3245 0.9365 0.0005 0.0005
0.3245 0.9375 0.0005 0.0005
0.3245 0.9385 0.0005 0.0005
0.3245 0.9395 0.0005 0.0005
0.3245 0.9405 0.0005 0.0005
0.3245 0.9415 0.0005 0.0005
0.3245 0.9425 0.0005 0.0005
0.3245 0.9435 0.0005 0.0005
0.3245 0.9445 0.0005 0.0005
0.3245 0.9455 0.0005 0.0005
0.3245 0.9465 0.0005 0.0005
0.3245 0.9475 0.0005 0.0005
0.3245 0.9485 0.0005 0.0005
0.3245 0.9495 0.0005 0.0005
0.3245 0.9505 0.0005 0.0005
0.3245 0.9515 0.0005 0.0005
0.3245 0.9525 0.0005 0.0005
0.3245 0.9535 0.0005 0.0005
0.3245 0.9545 0.0005 0.0005
0.3245 0.9555 0.0005 0.0005
0.3245 0.9565 0.0005 0.0005
0.3245 0.9575 0.0005 0.0005
0.3245 0.9585 0.0005 0.0005
0.3245 0.9595 0.0005 0.0005
0.3245 0.9605 0.0005 0.0005
0.3245 0.9615 0.0005 0.0005
0.3245 0.9625 0.0005 0.0005
0.3245 0.9635 0.0005 0.0005
0.3245 0.9645 0.0005 0.0005
0.3245 0.9655 0.0005 0.0005
0.3245 0.9665 0.0005 0.0005
0.3245 0.9675 0.0005 0.0005
0.3245 0.9685 0.0005 0.0005
0.3245 0.9695 0.0005 0.0005
0.3245 0.9705 0.0005 0.0005
0.3245 0.9715 0.0005 0.0005
0.3245 0.9725 0.0005 0.0005
0.3245 0.9735 0.0005 0.0005
0.3245 0.9745 0.0005 0.0005
0.3245 0.9755 0.0005 0.0005
0.3245 0.9765 0.0005 0.0005
0.3245 0.9775 0.0005 0.0005
0.3245 0.9785 0.0005 0.0005
0.3245 0.9795 0.0005 0.0005
0.3245 0.9805 0.0005 0.0005
0.3245 0.9815 0.0005 0.0005
0.3245 0.9825 0.0005 0.0005
0.3245 0.9835 0.0005 0.0005
0.3245 0.9845 0.0005 0.0005
0.3245 0.9855 0.0005 0.0005
0.3245 0.9865 0.0005 0.0005
0.3245 0.9875 0.0005 0.0005
0.3245 0.9885 0.0005 0.0005
0.3245 0.9895 0.0005 0.0005
0.3245 0.9905 0.0005 0.0005
0.3245 0.9915 0.0005 0.0005
0.3245 0.9925 0.0005 0.0005
0.3245 0.9935 0.0005 0.0005
0.3245 0.9945 0.0005 0.0005
0.3245 0.9955 0.0005 0.0005
0.3245 0.9965 0.0005 0.0005
0.3245 0.9975 0.0005 0.0005
0.3245 0.9985 0.0005 0.0005
0.3245 0.9995 0.0005 0.0005
0.3255 0.8835 0.0005 0.0005
0.3255 0.8845 0.0005 0.0005
0.3255 0.8855 0.0005 0.0005
0.3255 0.8865 0.0005 0.0005
0.3255 0.8875 0.0005 0.0005
0.3255 0.8885 0.0005 0.0005
0.3255 0.8895 0.0005 0.0005
0.3255 0.8905 0.0005 0.0005
0.3255 0.8915 0.0005 0.0005
0.3255 0.8925 0.0005 0.0005
0.3255 0.8935 0.0005 0.0005
0.3255 0.8945 0.0005 0.0005
0.3255 0.8955 0.0005 0.0005
0.3255 0.9175 0.0005 0.0005
0.3255 0.9185 0.0005 0.0005
0.3255 0.9195 0.0005 0.0005
0.3255 0.9205 0.0005 0.0005
0.3255 0.9215 0.0005 0.0005
0.3255 0.9225 0.0005 0.0005
0.3255 0.9235 0.0005 0.0005
0.3255 0.9245 0.0005 0.0005
0.3255 0.9255 0.0005 0.0005
0.3255 0.9265 0.0005 0.0005
0.3255 0.9275 0.0005 0.0005
0.3255 0.9285 0.0005 0.0005
0.3255 0.9295 0.0005 0.0005
0.3255 0.9305 0.0005 0.0005
0.3255 0.9315 0.0005 0.0005
0.3255 0.9325 0.0005 0.0005
0.3255 0.9335 0.0005 0.0005
0.3255 0.9345 0.0005 0.0005
0.3255 0.9355 0.0005 0.0005
0.3255 0.9365 0.0005 0.0005
0.3255 0.9375 0.0005 0.0005
0.3255 0.9385 0.0005 0.0005
0.3255 0.9395 0.0005 0.0005
0.3255 0.9405 0.0005 0.0005
0.3255 0.9415 0.0005 0.0005
0.3255 0.9425 0.0005 0.0005
0.3255 0.9435 0.0005 0.0005
0.3255 0.9445 0.0005 0.0005
0.3255 0.9455 0.0005 0.0005
0.3255 0.9465 0.0005 0.0005
0.3255 0.9475 0.0005 0.0005
0.3255 0.9485 0.0005 0.0005
0.3255 0.9495 0.0005 0.0005
0.3255 0.9505 0.0005 0.0005
0.3255 0.9515 0.0005 0.0005
0.3255 0.9525 0.0005 0.0005
0.3255 0.9535 0.0005 0.0005
0.3255 0.9545 0.0005 0.0005
0.3255 0.9555 0.0005 0.0005
0.3255 0.9565 0.0005 0.0005
0.3255 0.9575 0.0005 0.0005
0.3255 0.9585 0.0005 0.0005
0.3255 0.9595 0.0005 0.0005
0.3255 0.9605 0.0005 0.0005
0.3255 0.9615 0.0005 0.0005
0.3255 0.9625 0.0005 0.0005
0.3255 0.9635 0.0005 0.0005
0.3255 0.9645 0.0005 0.0005
0.3255 0.9655 0.0005 0.0005
0.3255 0.9665 0.0005 0.0005
0.3255 0.9675 0.0005 0.0005
0.3255 0.9685 0.0005 0.0005
0.3255 0.9695 0.0005 0.0005
0.3255 0.9705 0.0005 0.0005
0.3255 0.9715 0.0005 0.0005
0.3255 0.9725 0.0005 0.0005
0.3255 0.9735 0.0005 0.0005
0.3255 0.9745 0.0005 0.0005
0.3255 0.9755 0.0005 0.0005
0.3255 0.9765 0.0005 0.0005
0.3255 0.9775 0.0005 0.0005
0.3255 0.9785 0.0005 0.0005
0.3255 0.9795 0.0005 0.0005
0.3255 0.9805 0.0005 0.0005
0.3255 0.9815 0.0005 0.0005
0.3255 0.9825 0.0005 0.0005
0.3255 0.9835 0.0005 0.0005
0.3255 0.9845 0.0005 0.0005
0.3255 0.9855 0.0005 0.0005
0.3255 0.9865 0.0005 0.0005
0.3255 0.9875 0.0005 0.0005
0.3255 0.9885 0.0005 0.0005
0.3255 0.9895 0.0005 0.0005
0.3255 0.9905 0.0005 0.0005
0.3255 0.9915 0.0005 0.0005
0.3255 0.9925 0.0005 0.0005
0.3255 0.9935 0.0005 0.0005
0.3255 0.9945 0.0005 0.0005
0.3255 0.9955 0.0005 0.0005
0.3255 0.9965 0.0005 0.0005
0.3255 0.9975 0.0005 0.0005
0.3255 0.9985 0.0005 0.0005
0.3255 0.9995 0.0005 0.0005
0.3265 0.7905 0.0005 0.0005
0.3265 0.7925 0.0005 0.0005
0.3265 0.7935 0.0005 0.0005
0.3265 0.8895 0.0005 0.0005
0.3265 0.8905 0.0005 0.0005
0.3265 0.8915 0.0005 0.0005
0.3265 0.8925 0.0005 0.0005
0.3265 0.8935 0.0005 0.0005
0.3265 0.8945 0.0005 0.0005
0.3265 0.8955 0.0005 0.0005
0.3265 0.8965 0.0005 0.0005
0.3265 0.8975 0.0005 0.0005
0.3265 0.8985 0.0005 0.0005
0.3265 0.8995 0.0005 0.0005
0.3265 0.9005 0.0005 0.0005
0.3265 0.9015 0.0005 0.0005
0.3265 0.9045 0.0005 0.0005
0.3265 0.9065 0.0005 0.0005
0.3265 0.9075 0.0005 0.0005
0.3265 0.9095 0.0005 0.0005
0.3265 0.9225 0.0005 0.0005
0.3265 0.9235 0.0005 0.0005
0.3265 0.9245 0.0005 0.0005
0.3265 0.9255 0.0005 0.0005
0.3265 0.9265 0.0005 0.0005
0.3265 0.9275 0.0005 0.0005
0.3265 0.9285 0.0005 0.0005
0.3265 0.9295 0.0005 0.0005
0.3265 0.9305 0.0005 0.0005
0.3265 0.9315 0.0005 0.0005
0.3265 0.9325 0.0005 0.0005
0.3265 0.9335 0.0005 0.0005
0.3265 0.9345 0.0005 0.0005
0.3265 0.9355 0.0005 0.0005
0.3265 0.9365 0.0005 0.0005
0.3265 0.9375 0.0005 0.0005
0.3265 0.9385 0.0005 0.0005
0.3265 0.9395 0.0005 0.0005
0.3265 0.9405 0.0005 0.0005
0.3265 0.9415 0.0005 0.0005
0.3265 0.9425 0.0005 0.0005
0.3265 0.9435 0.0005 0.0005
0.3265 0.9445 0.0005 0.0005
0.3265 0.9455 0.0005 0.0005
0.3265 0.9465 0.0005 0.0005
0.3265 0.9475 0.0005 0.0005
0.3265 0.9485 0.0005 0.0005
0.3265 0.9495 0.0005 0.0005
0.3265 0.9505 0.0005 0.0005
0.3265 0.9515 0.0005 0.0005
0.3265 0.9525 0.0005 0.0005
0.3265 0.9535 0.0005 0.0005
0.3265 0.9545 0.0005 0.0005
0.3265 0.9555 0.0005 0.0005
0.3265 0.9565 0.0005 0.0005
0.3265 0.9575 0.0005 0.0005
0.3265 0.9585 0.0005 0.0005
0.3265 0.9595 0.0005 0.0005
0.3265 0.9605 0.0005 0.0005
0.3265 0.9615 0.0005 0.0005
0.3265 0.9625 0.0005 0.0005
0.3265 0.9635 0.0005 0.0005
0.3265 0.9645 0.0005 0.0005
0.3265 0.9655 0.0005 0.0005
0.3265 0.9665 0.0005 0.0005
0.3265 0.9675 0.0005 0.0005
0.3265 0.9685 0.0005 0.0005
0.3265 0.9695 0.0005 0.0005
0.3265 0.9705 0.0005 0.0005
0.3265 0.9715 0.0005 0.0005
0.3265 0.9725 0.0005 0.0005
0.3265 0.9735 0.0005 0.0005
0.3265 0.9745 0.0005 0.0005
0.3265 0.9755 0.0005 0.0005
0.3265 0.9765 0.0005 0.0005
0.3265 0.9775 0.0005 0.0005
0.3265 0.9785 0.0005 0.0005
0.3265 0.9795 0.0005 0.0005
0.3265 0.9805 0.0005 0.0005
0.3265 0.9815 0.0005 0.0005
0.3265 0.9825 0.0005 0.0005
0.3265 0.9835 0.0005 0.0005
0.3265 0.9845 0.0005 0.0005
0.3265 0.9855 0.0005 0.0005
0.3265 0.9865 0.0005 0.0005
0.3265 0.9875 0.0005 0.0005
0.3265 0.9885 0.0005 0.0005
0.3265 0.9895 0.0005 0.0005
0.3265 0.9905 0.0005 0.0005
0.3265 0.9915 0.0005 0.0005
0.3265 0.9925 0.0005 0.0005
0.3265 0.9935 0.0005 0.0005
0.3265 0.9945 0.0005 0.0005
0.3265 0.9955 0.0005 0.0005
0.3265 0.9965 0.0005 0.0005
0.3265 0.9975 0.0005 0.0005
0.3265 0.9985 0.0005 0.0005
0.3265 0.9995 0.0005 0.0005
0.3275 0.7995 0.0005 0.0005
0.3275 0.8005 0.0005 0.0005
0.3275 0.8955 0.0005 0.0005
0.3275 0.8965 0.0005 0.0005
0.3275 0.8975 0.0005 0.0005
0.3275 0.8985 0.0005 0.0005
0.3275 0.8995 0.0005 0.0005
0.3275 0.9005 0.0005 0.0005
0.3275 0.9015 0.0005 0.0005
0.3275 0.9025 0.0005 0.0005
0.3275 0.9035 0.0005 0.0005
0.3275 0.9045 0.0005 0.0005
0.3275 0.9055 0.0005 0.0005
0.3275 0.9065 0.0005 0.0005
0.3275 0.9075 0.0005 0.0005
0.3275 0.9085 0.0005 0.0005
0.3275 0.9095 0.0005 0.0005
0.3275 0.9115 0.0005 0.0005
0.3275 0.9125 0.0005 0.0005
0.3275 0.9135 0.0005 0.0005
0.3275 0.9155 0.0005 0.0005
0.3275 0.9165 0.0005 0.0005
0.3275 0.9215 0.0005 0.0005
0.3275 0.9245 0.0005 0.0005
0.3275 0.9285 0.0005 0.0005
0.3275 0.9295 0.0005 0.0005
0.3275 0.9305 0.0005 0.0005
0.3275 0.9315 0.0005 0.0005
0.3275 0.9325 0.0005 0.0005
0.3275 0.9335 0.0005 0.0005
0.3275 0.9345 0.0005 0.0005
0.3275 0.9355 0.0005 0.0005
0.3275 0.9365 0.0005 0.0005
0.3275 0.9375 0.0005 0.0005
0.3275 0.9385 0.0005 0.0005
0.3275 0.9395 0.0005 0.0005
0.3275 0.9405 0.0005 0.0005
0.3275 0.9415 0.0005 0.0005
0.3275 0.9425 0.0005 0.0005
0.3275 0.9435 0.0005 0.0005
0.3275 0.9445 0.0005 0.0005
0.3275 0.9455 0.0005 0.0005
0.3275 0.9465 0.0005 0.0005
0.3275 0.9475 0.0005 0.0005
0.3275 0.9485 0.0005 0.0005
0.3275 0.9495 0.0005 0.0005
0.3275 0.9505 0.0005 0.0005
0.3275 0.9515 0.0005 0.0005
0.3275 0.9525 0.0005 0.0005
0.3275 0.9535 0.0005 0.0005
0.3275 0.9545 0.0005 0.0005
0.3275 0.9555 0.0005 0.0005
0.3275 0.9565 0.0005 0.0005
0.3275 0.9575 0.0005 0.0005
0.3275 0.9585 0.0005 0.0005
0.3275 0.9595 0.0005 0.0005
0.3275 0.9605 0.0005 0.0005
0.3275 0.9615 0.0005 0.0005
0.3275 0.9625 0.0005 0.0005
0.3275 0.9635 0.0005 0.0005
0.3275 0.9645 0.0005 0.0005
0.3275 0.9655 0.0005 0.0005
0.3275 0.9665 0.0005 0.0005
0.3275 0.9675 0.0005 0.0005
0.3275 0.9685 0.0005 0.0005
0.3275 0.9695 0.0005 0.0005
0.3275 0.9705 0.0005 0.0005
0.3275 0.9715 0.0005 0.0005
0.3275 0.9725 0.0005 0.0005
0.3275 0.9735 0.0005 0.0005
0.3275 0.9745 0.0005 0.0005
0.3275 0.9755 0.0005 0.0005
0.3275 0.9765 0.0005 0.0005
0.3275 0.9775 0.0005 0.0005
0.3275 0.9785 0.0005 0.0005
0.3275 0.9795 0.0005 0.0005
0.3275 0.9805 0.0005 0.0005
0.3275 0.9815 0.0005 0.0005
0.3275 0.9825 0.0005 0.0005
0.3275 0.9835 0.0005 0.0005
0.3275 0.9845 0.0005 0.0005
0.3275 0.9855 0.0005 0.0005
0.3275 0.9865 0.0005 0.0005
0.3275 0.9875 0.0005 0.0005
0.3275 0.9885 0.0005 0.0005
0.3275 0.9895 0.0005 0.0005
0.3275 0.9905 0.0005 0.0005
0.3275 0.9915 0.0005 0.0005
0.3275 0.9925 0.0005 0.0005
0.3275 0.9935 0.0005 0.0005
0.3275 0.9945 0.0005 0.0005
0.3275 0.9955 0.0005 0.0005
0.3275 0.9965 0.0005 0.0005
0.3275 0.9975 0.0005 0.0005
0.3275 0.9985 0.0005 0.0005
0.3275 0.9995 0.0005 0.0005
0.3285 0.8045 0.0005 0.0005
0.3285 0.8065 0.0005 0.0005
0.3285 0.8085 0.0005 0.0005
0.3285 0.8125 0.0005 0.0005
0.3285 0.8135 0.0005 0.0005
0.3285 0.8185 0.0005 0.0005
0.3285 0.9015 0.0005 0.0005
0.3285 0.9025 0.0005 0.0005
0.3285 0.9035 0.0005 0.0005
0.3285 0.9045 0.0005 0.0005
0.3285 0.9055 0.0005 0.0005
0.3285 0.9065 0.0005 0.0005
0.3285 0.9075 0.0005 0.0005
0.3285 0.9085 0.0005 0.0005
0.3285 0.9095 0.0005 0.0005
0.3285 0.9105 0.0005 0.0005
0.3285 0.9115 0.0005 0.0005
0.3285 0.9125 0.0005 0.0005
0.3285 0.9135 0.0005 0.0005
0.3285 0.9145 0.0005 0.0005
0.3285 0.9155 0.0005 0.0005
0.3285 0.9165 0.0005 0.0005
0.3285 0.9185 0.0005 0.0005
0.3285 0.9195 0.0005 0.0005
0.3285 0.9205 0.0005 0.0005
0.3285 0.9215 0.0005 0.0005
0.3285 0.9225 0.0005 0.0005
0.3285 0.9235 0.0005 0.0005
0.3285 0.9245 0.0005 0.0005
0.3285 0.9315 0.0005 0.0005
0.3285 0.9335 0.0005 0.0005
0.3285 0.9355 0.0005 0.0005
0.3285 0.9365 0.0005 0.0005
0.3285 0.9375 0.0005 0.0005
0.3285 0.9385 0.0005 0.0005
0.3285 0.9395 0.0005 0.0005
0.3285 0.9405 0.0005 0.0005
0.3285 0.9415 0.0005 0.0005
0.3285 0.9425 0.0005 0.0005
0.3285 0.9435 0.0005 0.0005
0.3285 0.9445 0.0005 0.0005
0.3285 0.9455 0.0005 0.0005
0.3285 0.9465 0.0005 0.0005
0.3285 0.9475 0.0005 0.0005
0.3285 0.9485 0.0005 0.0005
0.3285 0.9495 0.0005 0.0005
0.3285 0.9505 0.0005 0.0005
0.3285 0.9515 0.0005 0.0005
0.3285 0.9525 0.0005 0.0005
0.3285 0.9535 0.0005 0.0005
0.3285 0.9545 0.0005 0.0005
0.3285 0.9555 0.0005 0.0005
0.3285 0.9565 0.0005 0.0005
0.3285 0.9575 0.0005 0.0005
0.3285 0.9585 0.0005 0.0005
0.3285 0.9595 0.0005 0.0005
0.3285 0.9605 0.0005 0.0005
0.3285 0.9615 0.0005 0.0005
0.3285 0.9625 0.0005 0.0005
0.3285 0.9635 0.0005 0.0005
0.3285 0.9645 0.0005 0.0005
0.3285 0.9655 0.0005 0.0005
0.3285 0.9665 0.0005 0.0005
0.3285 0.9675 0.0005 0.0005
0.3285 0.9685 0.0005 0.0005
0.3285 0.9695 0.0005 0.0005
0.3285 0.9705 0.0005 0.0005
0.3285 0.9715 0.0005 0.0005
0.3285 0.9725 0.0005 0.0005
0.3285 0.9735 0.0005 0.0005
0.3285 0.9745 0.0005 0.0005
0.3285 0.9755 0.0005 0.0005
0.3285 0.9765 0.0005 0.0005
0.3285 0.9775 0.0005 0.0005
0.3285 0.9785 0.0005 0.0005
0.3285 0.9795 0.0005 0.0005
0.3285 0.9805 0.0005 0.0005
0.3285 0.9815 0.0005 0.0005
0.3285 0.9825 0.0005 0.0005
0.3285 0.9835 0.0005 0.0005
0.3285 0.9845 0.0005 0.0005
0.3285 0.9855 0.0005 0.0005
0.3285 0.9865 0.0005 0.0005
0.3285 0.9875 0.0005 0.0005
0.3285 0.9885 0.0005 0.0005
0.3285 0.9895 0.0005 0.0005
0.3285 0.9905 0.0005 0.0005
0.3285 0.9915 0.0005 0.0005
0.3285 0.9925 0.0005 0.0005
0.3285 0.9935 0.0005 0.0005
0.3285 0.9945 0.0005 0.0005
0.3285 0.9955 0.0005 0.0005
0.3285 0.9965 0.0005 0.0005
0.3285 0.9975 0.0005 0.0005
0.3285 0.9985 0.0005 0.0005
0.3285 0.9995 0.0005 0.0005
0.3295 0.8115 0.0005 0.0005
0.3295 0.8125 0.0005 0.0005
0.3295 0.8165 0.0005 0.0005
0.3295 0.8175 0.0005 0.0005
0.3295 0.8185 0.0005 0.0005
0.3295 0.8195 0.0005 0.0005
0.3295 0.8215 0.0005 0.0005
0.3295 0.8225 0.0005 0.0005
0.3295 0.8245 0.0005 0.0005
0.3295 0.8265 0.0005 0.0005
0.3295 0.8275 0.0005 0.0005
0.3295 0.9075 0.0005 0.0005
0.3295 0.9085 0.0005 0.0005
0.3295 0.9095 0.0005 0.0005
0.3295 0.9105 0.0005 0.0005
0.3295 0.9115 0.0005 0.0005
0.3295 0.9125 0.0005 0.0005
0.3295 0.9135 0.0005 0.0005
0.3295 0.9145 0.0005 0.0005
0.3295 0.9155 0.0005 0.0005
0.3295 0.9165 0.0005 0.0005
0.3295 0.9175 0.0005 0.0005
0.3295 0.9185 0.0005 0.0005
0.3295 0.9195 0.0005 0.0005
0.3295 0.9205 0.0005 0.0005
0.3295 0.9215 0.0005 0.0005
0.3295 0.9225 0.0005 0.0005
0.3295 0.9235 0.0005 0.0005
0.3295 0.9245 0.0005 0.0005
0.3295 0.9255 0.0005 0.0005
0.3295 0.9265 0.0005 0.0005
0.3295 0.9275 0.0005 0.0005
0.3295 0.9285 0.0005 0.0005
0.3295 0.9295 0.0005 0.0005
0.3295 0.9305 0.0005 0.0005
0.3295 0.9315 0.0005 0.0005
0.3295 0.9325 0.0005 0.0005
0.3295 0.9365 0.0005 0.0005
0.3295 0.9385 0.0005 0.0005
0.3295 0.9395 0.0005 0.0005
0.3295 0.9405 0.0005 0.0005
0.3295 0.9415 0.0005 0.0005
0.3295 0.9425 0.0005 0.0005
0.3295 0.9435 0.0005 0.0005
0.3295 0.9445 0.0005 0.0005
0.3295 0.9455 0.0005 0.0005
0.3295 0.9465 0.0005 0.0005
0.3295 0.9475 0.0005 0.0005
0.3295 0.9485 0.0005 0.0005
0.3295 0.9495 0.0005 0.0005
0.3295 0.9505 0.0005 0.0005
0.3295 0.9515 0.0005 0.0005
0.3295 0.9525 0.0005 0.0005
0.3295 0.9535 0.0005 0.0005
0.3295 0.9545 0.0005 0.0005
0.3295 0.9555 0.0005 0.0005
0.3295 0.9565 0.0005 0.0005
0.3295 0.9575 0.0005 0.0005
0.3295 0.9585 0.0005 0.0005
0.3295 0.9595 0.0005 0.0005
0.3295 0.9605 0.0005 0.0005
0.3295 0.9615 0.0005 0.0005
0.3295 0.9625 0.0005 0.0005
0.3295 0.9635 0.0005 0.0005
0.3295 0.9645 0.0005 0.0005
0.3295 0.9655 0.0005 0.0005
0.3295 0.9665 0.0005 0.0005
0.3295 0.9675 0.0005 0.0005
0.3295 0.9685 0.0005 0.0005
0.3295 0.9695 0.0005 0.0005
0.3295 0.9705 0.0005 0.0005
0.3295 0.9715 0.0005 0.0005
0.3295 0.9725 0.0005 0.0005
0.3295 0.9735 0.0005 0.0005
0.3295 0.9745 0.0005 0.0005
0.3295 0.9755 0.0005 0.0005
0.3295 0.9765 0.0005 0.0005
0.3295 0.9775 0.0005 0.0005
0.3295 0.9785 0.0005 0.0005
0.3295 0.9795 0.0005 0.0005
0.3295 0.9805 0.0005 0.0005
0.3295 0.9815 0.0005 0.0005
0.3295 0.9825 0.0005 0.0005
0.3295 0.9835 0.0005 0.0005
0.3295 0.9845 0.0005 0.0005
0.3295 0.9855 0.0005 0.0005
0.3295 0.9865 0.0005 0.0005
0.3295 0.9875 0.0005 0.0005
0.3295 0.9885 0.0005 0.0005
0.3295 0.9895 0.0005 0.0005
0.3295 0.9905 0.0005 0.0005
0.3295 0.9915 0.0005 0.0005
0.3295 0.9925 0.0005 0.0005
0.3295 0.9935 0.0005 0.0005
0.3295 0.9945 0.0005 0.0005
0.3295 0.9955 0.0005 0.0005
0.3295 0.9965 0.0005 0.0005
0.3295 0.9975 0.0005 0.0005
0.3295 0.9985 0.0005 0.0005
0.3295 0.9995 0.0005 0.0005
0.3305 0.8165 0.0005 0.0005
0.3305 0.8195 0.0005 0.0005
0.3305 0.8205 0.0005 0.0005
0.3305 0.8225 0.0005 0.0005
0.3305 0.8235 0.0005 0.0005
0.3305 0.8245 0.0005 0.0005
0.3305 0.8255 0.0005 0.0005
0.3305 0.8265 0.0005 0.0005
0.3305 0.8275 0.0005 0.0005
0.3305 0.8285 0.0005 0.0005
0.3305 0.8295 0.0005 0.0005
0.3305 0.8305 0.0005 0.0005
0.3305 0.8315 0.0005 0.0005
0.3305 0.8325 0.0005 0.0005
0.3305 0.8335 0.0005 0.0005
0.3305 0.8345 0.0005 0.0005
0.3305 0.8355 0.0005 0.0005
0.3305 0.8385 0.0005 0.0005
0.3305 0.8395 0.0005 0.0005
0.3305 0.8405 0.0005 0.0005
0.3305 0.8425 0.0005 0.0005
0.3305 0.9135 0.0005 0.0005
0.3305 0.9145 0.0005 0.0005
0.3305 0.9155 0.0005 0.0005
0.3305 0.9165 0.0005 0.0005
0.3305 0.9175 0.0005 0.0005
0.3305 0.9185 0.0005 0.0005
0.3305 0.9195 0.0005 0.0005
0.3305 0.9205 0.0005 0.0005
0.3305 0.9215 0.0005 0.0005
0.3305 0.9225 0.0005 0.0005
0.3305 0.9235 0.0005 0.0005
0.3305 0.9245 0.0005 0.0005
0.3305 0.9255 0.0005 0.0005
0.3305 0.9265 0.0005 0.0005
0.3305 0.9275 0.0005 0.0005
0.3305 0.9285 0.0005 0.0005
0.3305 0.9295 0.0005 0.0005
0.3305 0.9305 0.0005 0.0005
0.3305 0.9315 0.0005 0.0005
0.3305 0.9325 0.0005 0.0005
0.3305 0.9335 0.0005 0.0005
0.3305 0.9345 0.0005 0.0005
0.3305 0.9355 0.0005 0.0005
0.3305 0.9365 0.0005 0.0005
0.3305 0.9375 0.0005 0.0005
0.3305 0.9395 0.0005 0.0005
0.3305 0.9415 0.0005 0.0005
0.3305 0.9425 0.0005 0.0005
0.3305 0.9435 0.0005 0.0005
0.3305 0.9445 0.0005 0.0005
0.3305 0.9455 0.0005 0.0005
0.3305 0.9465 0.0005 0.0005
0.3305 0.9475 0.0005 0.0005
0.3305 0.9485 0.0005 0.0005
0.3305 0.9495 0.0005 0.0005
0.3305 0.9505 0.0005 0.0005
0.3305 0.9515 0.0005 0.0005
0.3305 0.9525 0.0005 0.0005
0.3305 0.9535 0.0005 0.0005
0.3305 0.9545 0.0005 0.0005
0.3305 0.9555 0.0005 0.0005
0.3305 0.9565 0.0005 0.0005
0.3305 0.9575 0.0005 0.0005
0.3305 0.9585 0.0005 0.0005
0.3305 0.9595 0.0005 0.0005
0.3305 0.9605 0.0005 0.0005
0.3305 0.9615 0.0005 0.0005
0.3305 0.9625 0.0005 0.0005
0.3305 0.9635 0.0005 0.0005
0.3305 0.9645 0.0005 0.0005
0.3305 0.9655 0.0005 0.0005
0.3305 0.9665 0.0005 0.0005
0.3305 0.9675 0.0005 0.0005
0.3305 0.9685 0.0005 0.0005
0.3305 0.9695 0.0005 0.0005
0.3305 0.9705 0.0005 0.0005
0.3305 0.9715 0.0005 0.0005
0.3305 0.9725 0.0005 0.0005
0.3305 0.9735 0.0005 0.0005
0.3305 0.9745 0.0005 0.0005
0.3305 0.9755 0.0005 0.0005
0.3305 0.9765 0.0005 0.0005
0.3305 0.9775 0.0005 0.0005
0.3305 0.9785 0.0005 0.0005
0.3305 0.9795 0.0005 0.0005
0.3305 0.9805 0.0005 0.0005
0.3305 0.9815 0.0005 0.0005
0.3305 0.9825 0.0005 0.0005
0.3305 0.9835 0.0005 0.0005
0.3305 0.9845 0.0005 0.0005
0.3305 0.9855 0.0005 0.0005
0.3305 0.9865 0.0005 0.0005
0.3305 0.9875 0.0005 0.0005
0.3305 0.9885 0.0005 0.0005
0.3305 0.9895 0.0005 0.0005
0.3305 0.9905 0.0005 0.0005
0.3305 0.9915 0.0005 0.0005
0.3305 0.9925 0.0005 0.0005
0.3305 0.9935 0.0005 0.0005
0.3305 0.9945 0.0005 0.0005
0.3305 0.9955 0.0005 0.0005
0.3305 0.9965 0.0005 0.0005
0.3305 0.9975 0.0005 0.0005
0.3305 0.9985 0.0005 0.0005
0.3305 0.9995 0.0005 0.0005
0.3315 0.8235 0.0005 0.0005
0.3315 0.8245 0.0005 0.0005
0.3315 0.8265 0.0005 0.0005
0.3315 0.8275 0.0005 0.0005
0.3315 0.8285 0.0005 0.0005
0.3315 0.8295 0.0005 0.0005
0.3315 0.8305 0.0005 0.0005
0.3315 0.8315 0.0005 0.0005
0.3315 0.8325 0.0005 0.0005
0.3315 0.8335 0.0005 0.0005
0.3315 0.8345 0.0005 0.0005
0.3315 0.8355 0.0005 0.0005
0.3315 0.8365 0.0005 0.0005
0.3315 0.8375 0.0005 0.0005
0.3315 0.8385 0.0005 0.0005
0.3315 0.8395 0.0005 0.0005
0.3315 0.8405 0.0005 0.0005
0.3315 0.8415 0.0005 0.0005
0.3315 0.8425 0.0005 0.0005
0.3315 0.8435 0.0005 0.0005
0.3315 0.8445 0.0005 0.0005
0.3315 0.8455 0.0005 0.0005
0.3315 0.8465 0.0005 0.0005
0.3315 0.8475 0.0005 0.0005
0.3315 0.8485 0.0005 0.0005
0.3315 0.8495 0.0005 0.0005
0.3315 0.8505 0.0005 0.0005
0.3315 0.8515 0.0005 0.0005
0.3315 0.8535 0.0005 0.0005
0.3315 0.9185 0.0005 0.0005
0.3315 0.9195 0.0005 0.0005
0.3315 0.9205 0.0005 0.0005
0.3315 0.9215 0.0005 0.0005
0.3315 0.9225 0.0005 0.0005
0.3315 0.9235 0.0005 0.0005
0.3315 0.9245 0.0005 0.0005
0.3315 0.9255 0.0005 0.0005
0.3315 0.9265 0.0005 0.0005
0.3315 0.9275 0.0005 0.0005
0.3315 0.9285 0.0005 0.0005
0.3315 0.9295 0.0005 0.0005
0.3315 0.9305 0.0005 0.0005
0.3315 0.9315 0.0005 0.0005
0.3315 0.9325 0.0005 0.0005
0.3315 0.9335 0.0005 0.0005
0.3315 0.9345 0.0005 0.0005
0.3315 0.9355 0.0005 0.0005
0.3315 0.9365 0.0005 0.0005
0.3315 0.9375 0.0005 0.0005
0.3315 0.9385 0.0005 0.0005
0.3315 0.9395 0.0005 0.0005
0.3315 0.9405 0.0005 0.0005
0.3315 0.9415 0.0005 0.0005
0.3315 0.9425 0.0005 0.0005
0.3315 0.9435 0.0005 0.0005
0.3315 0.9445 0.0005 0.0005
0.3315 0.9455 0.0005 0.0005
0.3315 0.9465 0.0005 0.0005
0.3315 0.9475 0.0005 0.0005
0.3315 0.9495 0.0005 0.0005
0.3315 0.9505 0.0005 0.0005
0.3315 0.9515 0.0005 0.0005
0.3315 0.9525 0.0005 0.0005
0.3315 0.9535 0.0005 0.0005
0.3315 0.9545 0.0005 0.0005
0.3315 0.9555 0.0005 0.0005
0.3315 0.9565 0.0005 0.0005
0.3315 0.9575 0.0005 0.0005
0.3315 0.9585 0.0005 0.0005
0.3315 0.9595 0.0005 0.0005
0.3315 0.9605 0.0005 0.0005
0.3315 0.9615 0.0005 0.0005
0.3315 0.9625 0.0005 0.0005
0.3315 0.9635 0.0005 0.0005
0.3315 0.9645 0.0005 0.0005
0.3315 0.9655 0.0005 0.0005
0.3315 0.9665 0.0005 0.0005
0.3315 0.9675 0.0005 0.0005
0.3315 0.9685 0.0005 0.0005
0.3315 0.9695 0.0005 0.0005
0.3315 0.9705 0.0005 0.0005
0.3315 0.9715 0.0005 0.0005
0.3315 0.9725 0.0005 0.0005
0.3315 0.9735 0.0005 0.0005
0.3315 0.9745 0.0005 0.0005
0.3315 0.9755 0.0005 0.0005
0.3315 0.9765 0.0005 0.0005
0.3315 0.9775 0.0005 0.0005
0.3315 0.9785 0.0005 0.0005
0.3315 0.9795 0.0005 0.0005
0.3315 0.9805 0.0005 0.0005
0.3315 0.9815 0.0005 0.0005
0.3315 0.9825 0.0005 0.0005
0.3315 0.9835 0.0005 0.0005
0.3315 0.9845 0.0005 0.0005
0.3315 0.9855 0.0005 0.0005
0.3315 0.9865 0.0005 0.0005
0.3315 0.9875 0.0005 0.0005
0.3315 0.9885 0.0005 0.0005
0.3315 0.9895 0.0005 0.0005
0.3315 0.9905 0.0005 0.0005
0.3315 0.9915 0.0005 0.0005
0.3315 0.9925 0.0005 0.0005
0.3315 0.9935 0.0005 0.0005
0.3315 0.9945 0.0005 0.0005
0.3315 0.9955 0.0005 0.0005
0.3315 0.9965 0.0005 0.0005
0.3315 0.9975 0.0005 0.0005
0.3315 0.9985 0.0005 0.0005
0.3315 0.9995 0.0005 0.0005
0.3325 0.8305 0.0005 0.0005
0.3325 0.8325 0.0005 0.0005
0.3325 0.8335 0.0005 0.0005
0.3325 0.8345 0.0005 0.0005
0.3325 0.8355 0.0005 0.0005
0.3325 0.8365 0.0005 0.0005
0.3325 0.8375 0.0005 0.0005
0.3325 0.8385 0.0005 0.0005
0.3325 0.8395 0.0005 0.0005
0.3325 0.8405 0.0005 0.0005
0.3325 0.8415 0.0005 0.0005
0.3325 0.8425 0.0005 0.0005
0.3325 0.8435 0.0005 0.0005
0.3325 0.8445 0.0005 0.0005
0.3325 0.8455 0.0005 0.0005
0.3325 0.8465 0.0005 0.0005
0.3325 0.8475 0.0005 0.0005
0.3325 0.8485 0.0005 0.0005
0.3325 0.8495 0.0005 0.0005
0.3325 0.8505 0.0005 0.0005
0.3325 0.8515 0.0005 0.0005
0.3325 0.8535 0.0005 0.0005
0.3325 0.8545 0.0005 0.0005
0.3325 0.8555 0.0005 0.0005
0.3325 0.8565 0.0005 0.0005
0.3325 0.8575 0.0005 0.0005
0.3325 0.8585 0.0005 0.0005
0.3325 0.8605 0.0005 0.0005
0.3325 0.8615 0.0005 0.0005
0.3325 0.8625 0.0005 0.0005
0.3325 0.8635 0.0005 0.0005
0.3325 0.8655 0.0005 0.0005
0.3325 0.8665 0.0005 0.0005
0.3325 0.9245 0.0005 0.0005
0.3325 0.9255 0.0005 0.0005
0.3325 0.9265 0.0005 0.0005
0.3325 0.9275 0.0005 0.0005
0.3325 0.9285 0.0005 0.0005
0.3325 0.9295 0.0005 0.0005
0.3325 0.9305 0.0005 0.0005
0.3325 0.9315 0.0005 0.0005
0.3325 0.9325 0.0005 0.0005
0.3325 0.9335 0.0005 0.0005
0.3325 0.9345 0.0005 0.0005
0.3325 0.9355 0.0005 0.0005
0.3325 0.9365 0.0005 0.0005
0.3325 0.9375 0.0005 0.0005
0.3325 0.9385 0.0005 0.0005
0.3325 0.9395 0.0005 0.0005
0.3325 0.9405 0.0005 0.0005
0.3325 0.9415 0.0005 0.0005
0.3325 0.9425 0.0005 0.0005
0.3325 0.9435 0.0005 0.0005
0.3325 0.9445 0.0005 0.0005
0.3325 0.9455 0.0005 0.0005
0.3325 0.9465 0.0005 0.0005
0.3325 0.9475 0.0005 0.0005
0.3325 0.9485 0.0005 0.0005
0.3325 0.9495 0.0005 0.0005
0.3325 0.9505 0.0005 0.0005
0.3325 0.9515 0.0005 0.0005
0.3325 0.9525 0.0005 0.0005
0.3325 0.9535 0.0005 0.0005
0.3325 0.9545 0.0005 0.0005
0.3325 0.9555 0.0005 0.0005
0.3325 0.9565 0.0005 0.0005
0.3325 0.9575 0.0005 0.0005
0.3325 0.9585 0.0005 0.0005
0.3325 0.9595 0.0005 0.0005
0.3325 0.9605 0.0005 0.0005
0.3325 0.9615 0.0005 0.0005
0.3325 0.9625 0.0005 0.0005
0.3325 0.9635 0.0005 0.0005
0.3325 0.9645 0.0005 0.0005
0.3325 0.9655 0.0005 0.0005
0.3325 0.9665 0.0005 0.0005
0.3325 0.9675 0.0005 0.0005
0.3325 0.9685 0.0005 0.0005
0.3325 0.9695 0.0005 0.0005
0.3325 0.9705 0.0005 0.0005
0.3325 0.9715 0.0005 0.0005
0.3325 0.9725 0.0005 0.0005
0.3325 0.9735 0.0005 0.0005
0.3325 0.9745 0.0005 0.0005
0.3325 0.9755 0.0005 0.0005
0.3325 0.9765 0.0005 0.0005
0.3325 0.9775 0.0005 0.0005
0.3325 0.9785 0.0005 0.0005
0.3325 0.9795 0.0005 0.0005
0.3325 0.9805 0.0005 0.0005
0.3325 0.9815 0.0005 0.0005
0.3325 0.9825 0.0005 0.0005
0.3325 0.9835 0.0005 0.0005
0.3325 0.9845 0.0005 0.0005
0.3325 0.9855 0.0005 0.0005
0.3325 0.9865 0.0005 0.0005
0.3325 0.9875 0.0005 0.0005
0.3325 0.9885 0.0005 0.0005
0.3325 0.9895 0.0005 0.0005
0.3325 0.9905 0.0005 0.0005
0.3325 0.9915 0.0005 0.0005
0.3325 0.9925 0.0005 0.0005
0.3325 0.9935 0.0005 0.0005
0.3325 0.9945 0.0005 0.0005
0.3325 0.9955 0.0005 0.0005
0.3325 0.9965 0.0005 0.0005
0.3325 0.9975 0.0005 0.0005
0.3325 0.9985 0.0005 0.0005
0.3325 0.9995 0.0005 0.0005
0.3335 0.8365 0.0005 0.0005
0.3335 0.8375 0.0005 0.0005
0.3335 0.8385 0.0005 0.0005
0.3335 0.8395 0.0005 0.0005
0.3335 0.8405 0.0005 0.0005
0.3335 0.8415 0.0005 0.0005
0.3335 0.8425 0.0005 0.0005
0.3335 0.8435 0.0005 0.0005
0.3335 0.8445 0.0005 0.0005
0.3335 0.8455 0.0005 0.0005
0.3335 0.8465 0.0005 0.0005
0.3335 0.8475 0.0005 0.0005
0.3335 0.8485 0.0005 0.0005
0.3335 0.8495 0.0005 0.0005
0.3335 0.8505 0.0005 0.0005
0.3335 0.8515 0.0005 0.0005
0.3335 0.8525 0.0005 0.0005
0.3335 0.8535 0.0005 0.0005
0.3335 0.8545 0.0005 0.0005
0.3335 0.8555 0.0005 0.0005
0.3335 0.8565 0.0005 0.0005
0.3335 0.8575 0.0005 0.0005
0.3335 0.8585 0.0005 0.0005
0.3335 0.8595 0.0005 0.0005
0.3335 0.8605 0.0005 0.0005
0.3335 0.8615 0.0005 0.0005
0.3335 0.8625 0.0005 0.0005
0.3335 0.8635 0.0005 0.0005
0.3335 0.8645 0.0005 0.0005
0.3335 0.8655 0.0005 0.0005
0.3335 0.8665 0.0005 0.0005
0.3335 0.8675 0.0005 0.0005
0.3335 0.8715 0.0005 0.0005
0.3335 0.8725 0.0005 0.0005
0.3335 0.8755 0.0005 0.0005
0.3335 0.8765 0.0005 0.0005
0.3335 0.8785 0.0005 0.0005
0.3335 0.8795 0.0005 0.0005
0.3335 0.8805 0.0005 0.0005
0.3335 0.8815 0.0005 0.0005
0.3335 0.9255 0.0005 0.0005
0.3335 0.9295 0.0005 0.0005
0.3335 0.9305 0.0005 0.0005
0.3335 0.9315 0.0005 0.0005
0.3335 0.9325 0.0005 0.0005
0.3335 0.9335 0.0005 0.0005
0.3335 0.9345 0.0005 0.0005
0.3335 0.9355 0.0005 0.0005
0.3335 0.9365 0.0005 0.0005
0.3335 0.9375 0.0005 0.0005
0.3335 0.9385 0.0005 0.0005
0.3335 0.9395 0.0005 0.0005
0.3335 0.9405 0.0005 0.0005
0.3335 0.9415 0.0005 0.0005
0.3335 0.9425 0.0005 0.0005
0.3335 0.9435 0.0005 0.0005
0.3335 0.9445 0.0005 0.0005
0.3335 0.9455 0.0005 0.0005
0.3335 0.9465 0.0005 0.0005
0.3335 0.9475 0.0005 0.0005
0.3335 0.9485 0.0005 0.0005
0.3335 0.9495 0.0005 0.0005
0.3335 0.9505 0.0005 0.0005
0.3335 0.9515 0.0005 0.0005
0.3335 0.9525 0.0005 0.0005
0.3335 0.9535 0.0005 0.0005
0.3335 0.9545 0.0005 0.0005
0.3335 0.9555 0.0005 0.0005
0.3335 0.9565 0.0005 0.0005
0.3335 0.9575 0.0005 0.0005
0.3335 0.9585 0.0005 0.0005
0.3335 0.9595 0.0005 0.0005
0.3335 0.9605 0.0005 0.0005
0.3335 0.9615 0.0005 0.0005
0.3335 0.9625 0.0005 0.0005
0.3335 0.9635 0.0005 0.0005
0.3335 0.9645 0.0005 0.0005
0.3335 0.9655 0.0005 0.0005
0.3335 0.9665 0.0005 0.0005
0.3335 0.9675 0.0005 0.0005
0.3335 0.9685 0.0005 0.0005
0.3335 0.9695 0.0005 0.0005
0.3335 0.9705 0.0005 0.0005
0.3335 0.9715 0.0005 0.0005
0.3335 0.9725 0.0005 0.0005
0.3335 0.9735 0.0005 0.0005
0.3335 0.9745 0.0005 0.0005
0.3335 0.9755 0.0005 0.0005
0.3335 0.9765 0.0005 0.0005
0.3335 0.9775 0.0005 0.0005
0.3335 0.9785 0.0005 0.0005
0.3335 0.9795 0.0005 0.0005
0.3335 0.9805 0.0005 0.0005
0.3335 0.9815 0.0005 0.0005
0.3335 0.9825 0.0005 0.0005
0.3335 0.9835 0.0005 0.0005
0.3335 0.9845 0.0005 0.0005
0.3335 0.9855 0.0005 0.0005
0.3335 0.9865 0.0005 0.0005
0.3335 0.9875 0.0005 0.0005
0.3335 0.9885 0.0005 0.0005
0.3335 0.9895 0.0005 0.0005
0.3335 0.9905 0.0005 0.0005
0.3335 0.9915 0.0005 0.0005
0.3335 0.9925 0.0005 0.0005
0.3335 0.9935 0.0005 0.0005
0.3335 0.9945 0.0005 0.0005
0.3335 0.9955 0.0005 0.0005
0.3335 0.9965 0.0005 0.0005
0.3335 0.9975 0.0005 0.0005
0.3335 0.9985 0.0005 0.0005
0.3335 0.9995 0.0005 0.0005
0.3345 0.8445 0.0005 0.0005
0.3345 0.8455 0.0005 0.0005
0.3345 0.8465 0.0005 0.0005
0.3345 0.8475 0.0005 0.0005
0.3345 0.8485 0.0005 0.0005
0.3345 0.8495 0.0005 0.0005
0.3345 0.8505 0.0005 0.0005
0.3345 0.8515 0.0005 0.0005
0.3345 0.8525 0.0005 0.0005
0.3345 0.8535 0.0005 0.0005
0.3345 0.8545 0.0005 0.0005
0.3345 0.8555 0.0005 0.0005
0.3345 0.8565 0.0005 0.0005
0.3345 0.8575 0.0005 0.0005
0.3345 0.8585 0.0005 0.0005
0.3345 0.8595 0.0005 0.0005
0.3345 0.8605 0.0005 0.0005
0.3345 0.8615 0.0005 0.0005
0.3345 0.8625 0.0005 0.0005
0.3345 0.8635 0.0005 0.0005
0.3345 0.8645 0.0005 0.0005
0.3345 0.8655 0.0005 0.0005
0.3345 0.8665 0.0005 0.0005
0.3345 0.8675 0.0005 0.0005
0.3345 0.8685 0.0005 0.0005
0.3345 0.8695 0.0005 0.0005
0.3345 0.8705 0.0005 0.0005
0.3345 0.8715 0.0005 0.0005
0.3345 0.8725 0.0005 0.0005
0.3345 0.8735 0.0005 0.0005
0.3345 0.8745 0.0005 0.0005
0.3345 0.8755 0.0005 0.0005
0.3345 0.8765 0.0005 0.0005
0.3345 0.8775 0.0005 0.0005
0.3345 0.8785 0.0005 0.0005
0.3345 0.8805 0.0005 0.0005
0.3345 0.8815 0.0005 0.0005
0.3345 0.8825 0.0005 0.0005
0.3345 0.8835 0.0005 0.0005
0.3345 0.8845 0.0005 0.0005
0.3345 0.8855 0.0005 0.0005
0.3345 0.8865 0.0005 0.0005
0.3345 0.8875 0.0005 0.0005
0.3345 0.8905 0.0005 0.0005
0.3345 0.8915 0.0005 0.0005
0.3345 0.9315 0.0005 0.0005
0.3345 0.9325 0.0005 0.0005
0.3345 0.9355 0.0005 0.0005
0.3345 0.9365 0.0005 0.0005
0.3345 0.9375 0.0005 0.0005
0.3345 0.9385 0.0005 0.0005
0.3345 0.9395 0.0005 0.0005
0.3345 0.9405 0.0005 0.0005
0.3345 0.9415 0.0005 0.0005
0.3345 0.9425 0.0005 0.0005
0.3345 0.9435 0.0005 0.0005
0.3345 0.9445 0.0005 0.0005
0.3345 0.9455 0.0005 0.0005
0.3345 0.9465 0.0005 0.0005
0.3345 0.9475 0.0005 0.0005
0.3345 0.9485 0.0005 0.0005
0.3345 0.9495 0.0005 0.0005
0.3345 0.9505 0.0005 0.0005
0.3345 0.9515 0.0005 0.0005
0.3345 0.9525 0.0005 0.0005
0.3345 0.9535 0.0005 0.0005
0.3345 0.9545 0.0005 0.0005
0.3345 0.9555 0.0005 0.0005
0.3345 0.9565 0.0005 0.0005
0.3345 0.9575 0.0005 0.0005
0.3345 0.9585 0.0005 0.0005
0.3345 0.9595 0.0005 0.0005
0.3345 0.9605 0.0005 0.0005
0.3345 0.9615 0.0005 0.0005
0.3345 0.9625 0.0005 0.0005
0.3345 0.9635 0.0005 0.0005
0.3345 0.9645 0.0005 0.0005
0.3345 0.9655 0.0005 0.0005
0.3345 0.9665 0.0005 0.0005
0.3345 0.9675 0.0005 0.0005
0.3345 0.9685 0.0005 0.0005
0.3345 0.9695 0.0005 0.0005
0.3345 0.9705 0.0005 0.0005
0.3345 0.9715 0.0005 0.0005
0.3345 0.9725 0.0005 0.0005
0.3345 0.9735 0.0005 0.0005
0.3345 0.9745 0.0005 0.0005
0.3345 0.9755 0.0005 0.0005
0.3345 0.9765 0.0005 0.0005
0.3345 0.9775 0.0005 0.0005
0.3345 0.9785 0.0005 0.0005
0.3345 0.9795 0.0005 0.0005
0.3345 0.9805 0.0005 0.0005
0.3345 0.9815 0.0005 0.0005
0.3345 0.9825 0.0005 0.0005
0.3345 0.9835 0.0005 0.0005
0.3345 0.9845 0.0005 0.0005
0.3345 0.9855 0.0005 0.0005
0.3345 0.9865 0.0005 0.0005
0.3345 0.9875 0.0005 0.0005
0.3345 0.9885 0.0005 0.0005
0.3345 0.9895 0.0005 0.0005
0.3345 0.9905 0.0005 0.0005
0.3345 0.9915 0.0005 0.0005
0.3345 0.9925 0.0005 0.0005
0.3345 0.9935 0.0005 0.0005
0.3345 0.9945 0.0005 0.0005
0.3345 0.9955 0.0005 0.0005
0.3345 0.9965 0.0005 0.0005
0.3345 0.9975 0.0005 0.0005
0.3345 0.9985 0.0005 0.0005
0.3345 0.9995 0.0005 0.0005
0.3355 0.8525 0.0005 0.0005
0.3355 0.8535 0.0005 0.0005
0.3355 0.8545 0.0005 0.0005
0.3355 0.8555 0.0005 0.0005
0.3355 0.8565 0.0005 0.0005
0.3355 0.8575 0.0005 0.0005
0.3355 0.8585 0.0005 0.0005
0.3355 0.8595 0.0005 0.0005
0.3355 0.8605 0.0005 0.0005
0.3355 0.8615 0.0005 0.0005
0.3355 0.8625 0.0005 0.0005
0.3355 0.8635 0.0005 0.0005
0.3355 0.8645 0.0005 0.0005
0.3355 0.8655 0.0005 0.0005
0.3355 0.8665 0.0005 0.0005
0.3355 0.8675 0.0005 0.0005
0.3355 0.8685 0.0005 0.0005
0.3355 0.8695 0.0005 0.0005
0.3355 0.8705 0.0005 0.0005
0.3355 0.8715 0.0005 0.0005
0.3355 0.8725 0.0005 0.0005
0.3355 0.8735 0.0005 0.0005
0.3355 0.8745 0.0005 0.0005
0.3355 0.8755 0.0005 0.0005
0.3355 0.8765 0.0005 0.0005
0.3355 0.8775 0.0005 0.0005
0.3355 0.8785 0.0005 0.0005
0.3355 0.8795 0.0005 0.0005
0.3355 0.8805 0.0005 0.0005
0.3355 0.8815 0.0005 0.0005
0.3355 0.8825 0.0005 0.0005
0.3355 0.8835 0.0005 0.0005
0.3355 0.8845 0.0005 0.0005
0.3355 0.8855 0.0005 0.0005
0.3355 0.8865 0.0005 0.0005
0.3355 0.8875 0.0005 0.0005
0.3355 0.8885 0.0005 0.0005
0.3355 0.8895 0.0005 0.0005
0.3355 0.8905 0.0005 0.0005
0.3355 0.8915 0.0005 0.0005
0.3355 0.8925 0.0005 0.0005
0.3355 0.8945 0.0005 0.0005
0.3355 0.8955 0.0005 0.0005
0.3355 0.8975 0.0005 0.0005
0.3355 0.9025 0.0005 0.0005
0.3355 0.9375 0.0005 0.0005
0.3355 0.9385 0.0005 0.0005
0.3355 0.9395 0.0005 0.0005
0.3355 0.9405 0.0005 0.0005
0.3355 0.9415 0.0005 0.0005
0.3355 0.9425 0.0005 0.0005
0.3355 0.9435 0.0005 0.0005
0.3355 0.9445 0.0005 0.0005
0.3355 0.9455 0.0005 0.0005
0.3355 0.9465 0.0005 0.0005
0.3355 0.9475 0.0005 0.0005
0.3355 0.9485 0.0005 0.0005
0.3355 0.9495 0.0005 0.0005
0.3355 0.9505 0.0005 0.0005
0.3355 0.9515 0.0005 0.0005
0.3355 0.9525 0.0005 0.0005
0.3355 0.9535 0.0005 0.0005
0.3355 0.9545 0.0005 0.0005
0.3355 0.9555 0.0005 0.0005
0.3355 0.9565 0.0005 0.0005
0.3355 0.9575 0.0005 0.0005
0.3355 0.9585 0.0005 0.0005
0.3355 0.9595 0.0005 0.0005
0.3355 0.9605 0.0005 0.0005
0.3355 0.9615 0.0005 0.0005
0.3355 0.9625 0.0005 0.0005
0.3355 0.9635 0.0005 0.0005
0.3355 0.9645 0.0005 0.0005
0.3355 0.9655 0.0005 0.0005
0.3355 0.9665 0.0005 0.0005
0.3355 0.9675 0.0005 0.0005
0.3355 0.9685 0.0005 0.0005
0.3355 0.9695 0.0005 0.0005
0.3355 0.9705 0.0005 0.0005
0.3355 0.9715 0.0005 0.0005
0.3355 0.9725 0.0005 0.0005
0.3355 0.9735 0.0005 0.0005
0.3355 0.9745 0.0005 0.0005
0.3355 0.9755 0.0005 0.0005
0.3355 0.9765 0.0005 0.0005
0.3355 0.9775 0.0005 0.0005
0.3355 0.9785 0.0005 0.0005
0.3355 0.9795 0.0005 0.0005
0.3355 0.9805 0.0005 0.0005
0.3355 0.9815 0.0005 0.0005
0.3355 0.9825 0.0005 0.0005
0.3355 0.9835 0.0005 0.0005
0.3355 0.9845 0.0005 0.0005
0.3355 0.9855 0.0005 0.0005
0.3355 0.9865 0.0005 0.0005
0.3355 0.9875 0.0005 0.0005
0.3355 0.9885 0.0005 0.0005
0.3355 0.9895 0.0005 0.0005
0.3355 0.9905 0.0005 0.0005
0.3355 0.9915 0.0005 0.0005
0.3355 0.9925 0.0005 0.0005
0.3355 0.9935 0.0005 0.0005
0.3355 0.9945 0.0005 0.0005
0.3355 0.9955 0.0005 0.0005
0.3355 0.9965 0.0005 0.0005
0.3355 0.9975 0.0005 0.0005
0.3355 0.9985 0.0005 0.0005
0.3355 0.9995 0.0005 0.0005
